title,keywords,content,publish_at,id,summary,related_stocks,uuid
〈台股盤前要聞〉DRAM廠Q4營運有壓、顯示器廠布局四大場域 今日必看財經新聞,"['台股', 'DRAM', '顯示器', 'IC設計', '義隆', 'MiniLED']","關注台股盤前要聞重點，10 月 DRAM 現貨價跌幅擴大至月減 10%，在庫存未明顯去化下，第四季供應商將持續面臨沉重的營運壓力；顯示器廠商近年透過組隊，朝零售、醫療、移動、育樂等四大智慧場域開創加值應用服務，力拚擺脫產業波動困境。以下是今 (7) 日必看重要財經新聞。




DRAM 現貨價跌幅再擴大 Q4 供應商壓力持續沉重


隨著終端需求持續冷颼颼，DRAM 供應商庫存調節有限，10 月現貨價跌幅擴大至月減 10%，在庫存未明顯去化下，11 月以來 DRAM 廠壓力與日俱增，雖釋出大量低價 DRAM 吸引客戶拉貨，但客戶仍不買單，業者預期，短期內 DRAM 價格仍難明顯止穩，第四季供應商將持續面臨沉重的營運壓力。
閱讀全文...


顯示器廠組戰隊衝四大場域應用 力拚營運突圍


光電產業是我國僅次半導體的第二大產業，但營運始終無法擺脫景氣的劇烈波動，且台廠在產能競爭上也不敵中國官方補貼，在多重逆局中，顯示器廠近年透過組隊，朝零售、醫療、移動、育樂等四大智慧場域開創加值應用服務，力拚突圍，並輸出海外開創更多商機。
閱讀全文...


IC 設計要不要砍長約？ 業界曝觀察三要點


義隆 (
2458-TW
) 宣布將一次性支付晶圓廠違約金，為業界投下震撼彈，市場也關注各家業者簽訂 LTA(長期協議) 的情況，業界指出，各家 LTA 情況不一，但要不要一次支付全額違約金，仍要觀察三大要點，包括自家與客戶庫存水位、未來投片預估及產品迭代進度，以此計算對自家最有利的方式。
閱讀全文...


電子紙再添新應用 現身 F1 賽車車身、車手安全帽


電子紙應用近年迎來爆發性成長，不只已有數位車牌問市外，德國豪車車品牌 BMW 寶馬年初展出應用電子紙外觀可變色的汽車，也驚艷市場，近期更打進 F1 方程式賽車賽事中，麥拉倫車隊 (McLaren) 率先將電子紙顯示器應用在賽車車身、賽車手安全帽上，將能彈性變換贊助商 LOGO、廣告顯示內容。
閱讀全文...


MiniLED 可望成為車用面板最佳方案 明年滲透率看增


近年汽車車用面板從過往嵌入式改為獨立面板，傳統 LCD 衍生出在日光照射下亮度不足問題，富采 (
3714-TW
) 認為，MiniLED 將成救命解藥，預計明年汽車採用 MiniLED 滲透率可望持續提升。
閱讀全文...",2022-11-07 05:10:03,1525,關注台股盤前要聞重點，10 月 DRAM 現貨價跌幅擴大至月減 10%，在庫存未明顯去化下，第四季供應商將持續面臨沉重的營運壓力；顯示器廠商近年透過組隊，朝零售、醫療、移動、育樂等四大智慧場域開創加值應用服務,"['義隆', '富采']",d8840738-bcdd-4b14-9911-46317dcd819b
〈台股盤前〉 指數站回萬三  何時完成築底上攻要靠成交量助陣,"['台股', '萬三', '科技股', '成交量']","台股成功收復月線再度站回萬三關卡，投信認為，先前受美科技禁令影響的部份族群，部分在中國營運占比不高，先前超跌的族群近期也開始重新受到部分市場資金青睞，短線雖已站穩萬三，但因成交量萎縮，後續上攻力道還要再觀察。


安聯投信台股團隊表示，就評價面來看，大盤指數目前預估本益比不到 10 倍，已低於金融海嘯時期水準，股價淨值比 (P/B) 亦低於 10 年平均，由於股價已反應相當程度的不確定性，未來有機會逐步回歸產業及公司長期基本價值。


PGIM 保德信高成長基金經理人孫傳恕表示，本周四美國將公布 10 月 CPI，目前市場預期將小幅下滑至 8.1%，而核心 CPI 年增率則可能再創新高，預期年底前要見到核心 CPI 明顯降溫趨勢較為不易。


但回顧 2000 年以來，每逢 CPI 飆升觸頂後隔年，科技類股會有出色表現，在今年通膨見頂，未來聯準會貨幣調控力道可望放緩步伐，12 月升息幅度預期 2 碼的可能性大增，不僅風險性資產的能見度有機會明顯提升，也有利於以科技業為經濟主動脈的台股企業獲利表現。


孫傳恕認為，雖然目前台廠企業獲利仍處於下修階段，2022 年整體企業成長年增率為 1.4%，進入 2023 年將由正轉負 - 6.2%，台灣總經指標也轉趨弱勢，然股市往往率先經濟領先反應，預料 2023 年第一季 GDP 將落底，台股明年走勢將呈現先蹲後跳，投資人於今年第四季低檔時，不妨開始布局明年具有成長性的相關產業。",2022-11-07 07:45:10,1524,台股成功收復月線再度站回萬三關卡，投信認為，先前受美科技禁令影響的部份族群，部分在中國營運占比不高，先前超跌的族群近期也開始重新受到部分市場資金青睞，短線雖已站穩萬三，但因成交量萎縮，後續上攻力道還要再觀察。,[],afcb1755-8e1a-4936-95cd-2e791e227ebe
操盤手看台股：中小股漲停狂潮持續，兩種股票正加速上攻,"['趨勢分析', '台股', '摩爾投顧', '蔡正華', 'Fed']","美 Fed 主席鮑爾表態偏鷹後，美債 2 年期及 10 年期殖利率曲線倒掛幅度加劇，經濟衰退陰霾持續，目前就看美最新非農就業報告的表現，該內容對於 12 月的利率決策將有一定程度的影響。11/4 日台股早盤隨美股開低，如預期出現獲利賣壓，盤中最低來到 12868 點，但尾盤在權值股拉抬下，指數由黑翻紅，指數終場上漲 40 點，以 13026 點作收，日 K 線收紅。若由期貨來觀察大盤，11/4 日台指期早盤開低後，空方於前 3 根 15 分 K 線始終無法進一步摜壓，隨後多方於 9 點 45 分的 15 分 K 線起，對於行情進行拉抬，最終重新站回萬三之上。


短線上，大盤仍於萬三附近震盪，上週週 K 線收盤位置收在 13026 點，儘管距離前一週高點 13027 點僅有不到 2 點的差距，但是只要沒站上，週級別日出就未成型，僅能以收盤位置墊高來觀察，不過值得一提的是上週 OTC 櫃買指數已率先拉出週級別的日出訊號，此現象將有利於中小型股的上攻氛圍。後續觀察 11 月上旬，大盤的週 K 線能否順利拉出週級別日出，並且越過 10/3 日的前波低點 13273 點，讓行情不僅有週級別日出訊號，同時短期底部成型，進而讓大盤穩健上攻。目前季線 (60MA) 約略在 14066 點，若把此處視為反彈的第一目標，則上檔約略還有千點；如何在這段空間中，設法將資金運用效率提升就是後續關鍵。


就在大盤緩攻之際，中小型股持續表態，以漲停家數來看，11/4 日上市櫃合計的漲停家數來到 32 家，越來越多中小型股被內資點火。連日提及現階段的選股策略要以中大型股的個股期貨搭配中小型潛力股，如此資金運用才有效率，其中的中小型潛力股近日相繼出現了模仿效應。所謂模仿效應是指盤面資金對於一種風格 (族群、產業、概念、特徵、條件、位階等) 的股票點火成功，讓該風格的股票順利出現一波上漲，於是就產生了市場偏好，投資人開始認為這種風格的股票容易上漲，然後將資金投入，進而出現買盤湧入特定風格股的現象。


當前盤面偏好的風格，與位置關係較大，之前提過的右上角股及右下角股即是一例，各自出現了模仿效應。鎖定的右上角股，隨著 USB-Type-C 概念的東碩、系統整合概念的華經、無人機概念的雷虎相繼創高，這一波股價維持高檔的相對強勢股，本波果然吸引了資金進駐，如燃料電池概念的高力、電動車充電樁的建碁、電池模組的新盛力、儲能的盛達、變壓器的耀勝、蘋果概念的科嘉等股價也跟進上攻。至於右下角股，隨著越來越多的低檔股築出短期底部，漲勢也在加溫，如 USB-Type-C 概念的通嘉、光通訊的波若威、廢棄物回收的綠電等股價相繼轉強，後續如航空的長榮航、華航，貨櫃航運的長榮、陽明等也有部分買盤進駐，後續要觀察續航力道，同時善用個股期貨，一旦確認攻勢展開，適度使用槓桿來以小博大，更多盤面機會可鎖定 Line@粉絲團。


======================================================


歡迎大家轉貼本文，並加入《蔡正華金錢道》


Line@頻道：
https://lin.ee/om1quOp


（ID：@goldmoney168）


Telegram 頻道：
https://t.me/goldmoney168


（ID：goldmoney168）


Youtube 頻道：
https://reurl.cc/MXZYGk


FB 臉書粉專：
https://www.facebook.com/goldmoney168/


本公司所推薦分析之個別有價證券

無不當之財務利益關係 以往之績效不保證未來獲利

投資人應獨立判斷 審慎評估並自負投資風險",2022-11-07 08:00:03,1523,無摘要,[],e9926c56-ebe4-4c95-a258-d0b2ff40cfc2
鴻海10月營收7765.76億元月減5.6% 將下調第四季展望,"['鴻海', '營收', '鄭州']","鴻海 (2317-TW) 今 (7) 日公告 10 月營收 7765.76 億元，月減 5.6%、年增 41%；累計前 10 月營收 5.44 兆元，年增 16.9%，均為歷年同期新高。不過，受疫情影響鄭州廠部分營運，鴻海表示，將下調第四季展望。


鴻海指出，雖然第四季展望將自原先審慎樂觀下調，但目前鄭州廠區防疫以及營運狀況，河南省政府已明確表示，將一如既往全力支持鴻海，當前會以最快速度撲滅疫情，並恢復滿產能生產。


鴻海 10 月四大產品月對月表現來看，電腦終端受惠新品發布，月增雙位數；伺服器拉貨動能持續，也有顯著成長；不過，消費智能、元件及其他產品較前月略微衰退。


年對年方面，四大產品均成長，其中電腦終端、消費智能及雲端網路均有雙位數成長，元件及其他產品也受惠於聲學及消費智能產品的零組件出貨增加，維持成長。


累計鴻海前 10 月四大產品皆較去年同期成長，雲端網路、消費智能及電腦終端雙位數成長，元件及其他產品也有顯著成長。",2022-11-07 08:22:19,1522,鴻海 (2317-TW) 今 (7) 日公告 10 月營收 7765.76 億元，月減 5.6%、年增 41%；累計前 10 月營收 5.44 兆元，年增 16.9%，均為歷年同期新高。不過，受疫情影響鄭州廠部分營運，鴻海表示，將下調第四季展望。,['鴻海'],7b2051a2-a615-4ac3-9348-65c79614bcc6
蘋果稱iPhone 14 Pro系列需求仍強 鴻海鄭州廠11月下旬恢復滿載,"['蘋果', '鴻海', 'iPhone']","鴻海 (2317-TW) 鄭州廠爆發疫情衝擊 iPhone 出貨，蘋果 (Apple)(AAPL-US) 也表示，雖然 iPhone 14 Pro 系列出貨量將低於預期，但需求維持強勁。在當地政府和蘋果協助下，鴻海鄭州廠產能可望在 11 月下旬回到滿載。


蘋果最新發布的新聞稿指出，COVID-19 限制暫時影響位於中國鄭州的 iPhone 14 Pro 及 Pro Max 主要組裝設施，目前產能大幅降低，將優先確保供應鏈的工人健康和安全。


蘋果強調，持續看到 iPhone 14 Pro 和 Pro Max 的強勁需求，雖然出貨量將低於先前預期，消費者將要經歷更長時間才能收到新產品，但正在與供應商密切合作，以恢復正常生產產量。


鴻海則表示，目前獲得河南省政府以及大客戶的全力支持，預計本周後，當地疫情可取得明顯控制，鄭州廠區 11 月下旬也可望回到滿載產能的狀況。",2022-11-07 08:55:46,1521,鴻海 (2317-TW) 鄭州廠爆發疫情衝擊 iPhone 出貨，蘋果 (Apple)(AAPL-US) 也表示，iPhone 14 Pro 及 Pro Max 出貨量將低於預期，但需求維持強勁。,"['鴻海', '蘋果']",cd355cb9-dbae-496c-affe-260b56d65b3c
11月醞釀反彈，選誰？,"['萬寶投顧', '王榮旭', '致茂', '趨勢分析']","半導體先前受惠疫情紅利，近兩年業績大幅成長，但景氣反轉飛快，先前漲多的 IC 設計股價如溜滑梯般，漲最多卻也跌最兇，如創惟自高點 333.5 元跌到 74.9 元，跌幅超過七成，10/24 公佈 9 月自結僅小賺 0.01 元，股價不跌反漲，短線跌過頭也是會反彈，尤其現在指數已與季線乖離過大，隨時都有一波反彈波，但搶反彈該如何搶？現階段美台利差持續擴大，本周 FOMC 將召開貨幣政策會議，市場預期升息 3 碼，央行升息力道跟不上，外資持續提款，台積電股價就難有表現，何時能站穩四百是關鍵，大型股漲不動，內資、法人重心擺在中小型股，這裡提醒投資人須留意判斷，是主流出現或是跌深反彈？大盤成交量不足，須有主流股帶頭。


檢測股宜特領漲，致茂有望跟上


檢測、安防股領先創高，我認為可以多加留意，上期推介的檢測股宜特這波走勢最強，不僅領先大盤站回所有均線，股價突破 2020 年高點 77.8 元衝上 8 字頭，9 月營收 3.27 億創歷史次高，前三季營收 27.61 億創歷史新高，前三季 EPS 已達 5 元，相比去年 EPS 2.02 元，全年估 6 元水準，第四季設備進廠後有助提升公司營收，MA 產能增加約 3~4 成，明年將持續擴產，Q4 業績有望續攀升，投信今年以來買超 1.06 萬張，但高檔出量短線漲多熄火。另一檔檢測股致茂 (2360) 業績同樣表現強勁，前三季獲利已超過一個股本，同樣超車去年 9.96 元水準，隨著電動車 EV 檢測及半導體 SLT 成長趨勢，量測及自動化檢測設備需求強勁，明年業績持續看旺，投信今年以來大買 1.1 萬張，股價位階相對低，可逢低布局。


晶睿受惠題材激勵，股價站回所有均線


美國擴大對中國晶片制裁，去中化效應延燒治安防產業，近年來中國業者快速崛起，此次美國安防設備銷售禁令，台廠有機會受惠轉單，晶睿營收有 5 成銷往美國，受惠題材效應領先發酵，11/1 攻上漲停 147 元挑戰 9 月高點 151 元，投信今年買超 2028 張，前三季獲利 5.3 元相比去年全年 2.17 元倍增，今年全年獲利估 6 元以上，在美 FCC 擬全面禁用中國設備，股價具有想像空間。




【本文未完，全文詳情及圖表 請見完整內容萬寶週刊 1514 期】


更多精彩文章延伸閱讀：
點我看更多",2022-11-07 09:00:03,1520,無摘要,[],6c127554-7034-4ce5-bc40-983dd4005f8c
波段低檔即將浮現！半導體具備抄底價值,"['萬寶投顧', '錢冠州', '聯發科', '趨勢分析']","過去兩週左右的台股指數大約就在 12600~13000 區間震盪，而這段時間環繞台股的利多包含通膨嚴峻、能源價格高檔、新台幣持續貶值、中港股市重挫及中國 20 大之後走向集權之路，台海戰爭風險增加等不確定因素！


在諸多利空環伺的前提下，其實我們不要忘了，台股今年初從 18619 下跌以來，已經跌了 10 個月及將近 6000 點左右的幅度，波段跌幅已經相當深，所以在現階段的行情中，市場並未再出現連續性重挫的景象，取而代之則是上下洗盤震盪築底的走勢！ 而從大盤的籌碼來說，市場融資餘額僅在一千六百餘億的水準，可說散戶籌碼被清洗的相當乾淨！ 這也為未來的反彈或回升行情做足準備。


美國股市主要市場已經明確轉強，道瓊指數在十月初 29000 點附近落底，而目前已經來到 33000 點左右，彈幅達到一成左右，NASDAQ 則在 11500 點以下形成底部型態！ 這顯示美國股市在技術面已經浮現轉強契機！ 搭配訊息面，美國聯準會仍在 11 月的會議升息 3 碼，但在接下來的 12 月份例會就可能僅升息 2 碼，今年底到明年初的目標利率約在 4.5%~4.75% 的水準，而後大約就維持這樣的利率水準小幅波動！ 若如此，那麼對於全球股市及台股將是相當的利多展現！ 因為資金流動再度出現轉折，對台股來說，外資也將出現轉向，那麼對於指數相關概念股或權值股，將迎來反彈契機！




【本文未完，全文詳情及圖表 請見完整內容萬寶週刊 1514 期】


更多精彩文章延伸閱讀：
點我看更多",2022-11-07 09:00:06,1519,無摘要,[],b62c52f8-ffab-46c8-8e0d-dc05f4a3f066
【Wen姐筆記】日K連5紅收復萬3城池 反攻力道看台幣匯率,"['台股', '盤前', '盤勢']","台股上周在包括美國聯準會再升息 3 碼等利空干擾之下，拚出了日 K 連 5 紅，頗有利空不跌的意味，同時上周五收盤也收復 13000 點城池，並站上月線。上周五美股又上演 V 轉秀，對台股多頭來說，本周 \ 一開局，就有「撿到槍」的機會，但反攻力道強弱，還是看新台幣匯率臉色! 極短線多空強弱分界為 13046 點，關鍵點位為 12947、13077 與 13123 點。


台股多方收復 13000 點城池之後，下方 12947 點必須發揮支撐力道，13000 點兩端哨站 12985 與 13023 點如能守穩，將有機會正式成為多方反攻起點。多方如能站上 13046 點，將續往 13100 城池挺進，13100 城池兩端哨站為 13123 與 13077 點。而台股的下一個目標區，將落在 13153 至 13200 點城池間，13200 點兩端哨站為 13183 與 13222 點，如能成功突圍，多方將展開像樣的反攻行情!


但如 12947 點仍未能挺住，就得留意下方的 12900 點城池與 12851 點，12900 點兩端哨站為 12888 與 12919 點，此一區域如能挺住，台股還有震盪築底機會，否則如再回測 12800 點城池，兩端哨站為 12823 與 12777 點，也是 13000 點浮動式守護的最底限，如棄守得提防空軍再次來襲!


本周國內財經訊息重頭戲在於各公司將陸續公布 10 月營收，加上聯發科的新品發表會，以及鴻海的法說會。多方如能保住月線，內資歸隊進場意願才可望大幅提高。目前台股位階雖已擺脫下降氣流干擾，但上升氣流尚未成形，多方想要展開像樣的反攻，還是得自立自強，今日反攻不宜留下過長的上影線，或出現中長黑，個股將有機會展開快速輪動! (僅供參考，請勿作為買賣股票與指數之依據)",2022-11-07 09:00:18,1518,日 K 連 5 紅收復萬 3 城池 反攻力道看台幣匯率,[],f8f46ac8-3ed0-4b09-afb8-223b6c8855d7
世豐擴大歐洲轉單效益 新品小量出貨成新動能,"['世豐', '螺絲', '鋼鐵']","螺絲廠世豐 (2065-TW) 受惠美洲居家 DIY 需求持穩，以及來自歐洲升溫，在手訂單能見度 4 個月，加上新款螺絲產品訂單年底前將小量出貨，後續進一步放量可望為營運帶來新動能。


世豐表示，在歐盟針對中國進口螺絲課徵反傾銷稅環境下，轉單效益持續顯現，第三季歐洲地區營收年增近 5 成，第四季持續擴大接單力道，目前歐洲市場營收比重也攀升至 16%。


美洲地區方面，世豐表示，持續受惠舊屋整裝需求，支撐居家 DIY 應用銷售穩健，建築工業領域也有一定的剛性需求，加上主要客戶庫存調整動作趨緩，支撐整體訂單表現穩健。


此外，世豐在多功能型螺絲新品、新材料應用等也有所進展，其中，新款螺絲產品可望在年底前小量出貨，貢獻營運表現，世豐表示，將持續針對耐腐蝕性、高強度、耐磨損、以及提高貫穿切削性能等，提高產品價值。


世豐第三季營收 6.43 億元，年減 2.9%，但受惠新台幣匯率貶值、原物料價格波動趨緩等因素，稅後純益 1.13 億元，年增 37.7%，每股純益 2.14 元，創單季新高，累計前三季每股純益 5.36 元。",2022-11-07 09:10:16,1517,螺絲廠世豐 (2065-TW) 受惠美洲居家 DIY 需求持穩，以及來自歐洲升溫，在手訂單仍有 4 個月，加上新款螺絲產品訂單年底前將小量出貨，後續進一步放量可望為營運帶來新動能。,['世豐'],46a54506-081f-4f94-b74a-9bd805dd6a66
中國封控衝擊 蘋果下修新款iPhone出貨展望,"['蘋果', '鴻海', '鄭州廠', '產業', '手機']","蘋果公司 (
AAPL-US
) 周日（6 日）表示，新款智慧手機 iPhone 高階機型的出貨量將不如原先預期，原因是中國封控措施影響鴻海 (
2317-TW
) 鄭州廠產量。


華爾街日報報導，蘋果說，鴻海鄭州廠的營運正常，但產能減少；「我們現在預估 iPhone 14 Pro 和 iPhone 14 Pro Max 的發貨量將比原估少，顧客的等待時間會延長。」


蘋果表示 ，「正與供應商密切合作，好讓生產回到正常水準，並確保每位員工的健康和安全」。蘋果官網的訊息顯示，目前 iPhone 14 Pro 的交付日期為 11 月底或 12 月初。


鄭州航空港區上周三發布公告，表示經區疫情防控指揮部研究，決定自上周三 12 時起，實行七天全域靜態管理。


財聯社報導，多個富士康合作勞務仲介處表示，鄭州港區富士康 IDPBG 事業群已啟動預先招工，以小時模式入職，小時工時薪為人民幣 30 元，工期至明年 2 月 15 日。


值得注意的是，鴻海為鼓勵老員工返廠，曾在 10 月 10 日至 11 月 5 日離職的返鄉人員，若重新入職，將給予一次性關愛補貼人民幣 500 元。報到時間待港區解除靜態管理後，再行通知，由鴻海統一安排車輛，點對點閉環輸送。


鴻海周一發布公告，表示 10 月營收為新台幣 7,765.76 億元，年增 41%；累計前 10 月營收為 5.44 兆元，年增 16.9%，均為歷年同期新高。然而，由於疫情影響鄭州廠部分營運，鴻海將下調第 4 季展望。",2022-11-07 09:16:53,1516,蘋果公司周日（6 日）表示，最新款高階智慧手機 iPhone 的出貨量將不如原先預期，原因是中國封控措施影響鴻海鄭州廠的產量。,"['鴻海', '蘋果']",aa0c4ea4-6784-46cc-ad6e-5ffcc66e1292
A指標 飆股規畫師看台股 11/7 台股以逸待勞 乘風破浪加速上漲  賀上周一本欄提醒 通嘉 大漲24%,"['趨勢分析', '摩爾投顧', '陳彥蓉', '台股', '加權指數', '大盤', '美股道瓊']","回顧過去


#台股 #加權指數 #大盤


10/25 彥蓉於 YOU TUBE 影片中提醒，窮寇莫追空為自己造福田，台股果然止跌，過去一周果然如同提醒上漲 238 點，這是近期四周以來首見的現象! 對台股是令人振奮的現象。未來一周台股將進入以逸待勞 加速度上漲的階段，多方應該把握難得的翻本行情。


展望未來


#美股道瓊


今年三月以來已經升息 15 碼，市場預估 12 月份可望再升息 2 碼，接下來估計將緩慢升息，市場對應的看法以 11/4 道瓊表現大漲，認為短期內再升息對於股市表現影響有限，各國股市將回歸基本面與技術面! 美股道瓊日線 RSI 創新高，且彥蓉證券業 17 年經驗 A 指標創高點，顯示短線整理完還有再攻擊機會。


#台股 #加權指數


11/2 台股融資餘額 1650 億，11/4 融資餘額增加至 1668 億這是近期首見，顯示散戶已經有回籠現象，台股短期內賣壓明顯減輕; 國內投信連 20 週買超台股, 國內自營商法人連續 3 週買超台股，外資近兩週賣壓有減輕現象。技術指標方面，週線 RSI 突破近期高點展現攻擊，週線 KD 開口出現乖離非常接近，即將黃金交叉向上。


台股在賣壓減輕與指標轉強之下，台股中線有展開攻擊機會，投資人應該把握台股回測十日線支撐有守，以逸待勞在台股乘風破浪之前積極把握飆股買點。


近期粉絲團與本欄提醒的愛地雅與八貫上周表現不俗，彥蓉帶會員隔日沖銷，八貫 與 愛地雅 10/31， 11/1 各只買進一檔股票，隔日沖銷，上週分別獲利 5% 與 10%，上週帶會員與粉絲價差再添 15%，總計 10 月初至今帶會員與粉絲已實現價差 55%。未來一周台股加速度上漲，大家要把握加速獲利機會喔。


個股方面，多方可留意


以下股不追高如【關鍵價位】站穩是否有轉強機會?


#群聯 #耀勝 #建碁 #天鉞電 #台郡 #常埕 #長園科


#同欣電


以上僅供參考，不作為買賣憑據


如有以下需求 請加 LINE TG 粉絲團 留言


參加會員 歡迎留言 【參加會員 + 1】


持股需要協助，私訊留言 【股名 成本】


索取飆股，私訊留言 【777+1】


學習飆股操盤模式 歡迎 留言 【線上課程 + 1】


加 LINE 私訊老師


https://line.me/R/ti/p/%40juk2515j


諮詢專線 0800-66-8085


本公司所推薦分析之個別有價證券

無不當之財務利益關係 以往之績效不保證未來獲利

投資人應獨立判斷 審慎評估並自負投資風險",2022-11-07 09:30:35,1515,無摘要,[],2c9d0a61-0766-45e7-9bdc-60df5a48a7ab
270萬Costco卡友注意！好市多聯名卡確定易主,"['好市多', '國泰世華銀', '信用卡', '聯名卡', 'Costco']","國泰金 (2882-TW) 旗下國泰世華銀行與好市多 (Costco) 的聯名卡合約將於 2023 年 8 月 7 日屆滿，易主傳言早就甚囂塵上，國泰世華銀今 (7) 日發布聲明稿宣布，已竭盡最大努力與誠意，但仍未能續約。


聲明稿全文如下：


國泰世華銀行與好市多 (Costco) 的聯名卡合約將於 2023 年 8 月 7 日屆滿，感謝聯名卡卡友長期以來的支持與愛護，與國泰世華走過美好的十年。在雙方共同經營下，好市多聯名卡數從 2014 年的 90 萬，至今已突破 270 萬，成為全台第一大的零售通路聯名卡。


為延續好市多聯名卡之合作關係，本行已竭盡最大努力與誠意，然遺憾未能續約。至雙方合約期滿前，聯名卡相關權益皆不受影響，聯名卡可繼續於好市多賣場內及其他商家使用，且屆時未使用完之多利金，將為聯名卡卡友轉換為刷卡金，折抵信用卡帳單，歡迎聯名卡卡友持續使用。


為維護 270 萬名國泰世華 Costco 聯名卡卡友的權益及提供更優質的消費優惠，國泰世華將推出聯名卡轉換 CUBE 卡方案，並將於近日陸續寄發聯名卡換發 CUBE 卡的通知函，說明新卡優惠升級內容，邀請原聯名卡卡友一同感受 CUBE 卡四大權益天天切換，3% 回饋無上限的魅力，與國泰世華共創極致的消費體驗。卡友於換發 CUBE 卡後 30 天內任刷 3 筆一般消費，且持有國泰世華 CUBE App(原網銀 App)，享首刷禮 300 點小樹點 (信用卡)。",2022-11-07 09:33:17,1514,270 萬 Costco 卡友注意！好市多聯名卡確定易主 國泰世華銀未續約,['國泰金'],d0c48808-5e21-4c92-a723-b932695bde21
鉅祥Q3獲利攀峰 前三季純益超車去年全年 EPS 3.77元,"['鉅祥', '沖壓件', '財報']","沖壓件廠鉅祥 (2476-TW) 第三季稅後純益 3.12 億元，創新高，累計前三季稅後純益達 7.13 億元，年增 37.98%，已超越 2021 年全年，每股純益 3.77 元。


鉅祥第三季營收及獲利創新高，除了產業旺季加持，車載應用產品營收比重拉高及匯兌收益，也是重要助力，以目前鉅祥掌握訂單來看，全年營收可望突破 66 億元，再創高。


鉅祥第三季營收爲 18.97 億元，創新高，毛利率 29.48%，季增 0.88 個百分點，年減 0.86 個百分點，單季稅後純益 3.12 億元，創新高，季增 52.22%，年增 49%，每股純益 1.65 元。


鉅祥前三季營收爲 50.62 億元，毛利率 29.22%，年減 0.51 個百分點，稅後純益達 7.13 億元，年增 37.98%，已超越 2021 年全年獲利，每股純益 3.77 元。


目前估算鉅祥第四季因季節性因素造成單季營收較第三季回落，但確定全年營收將突破 2021 年營收爲 64.2 億元，再創新高。


鉅祥今年上半年營收結構為車載應用占 18%、工業醫療 27%、網通 13%、PC/NB 20%、消費性電子 22%，而鉅祥初估第三季營收 18.97 億元中，車載應用的比重再向上升 1-2 個百分點。


鉅祥廣東惠州新廠已經動工，預計在 2023 年年底完工、貢獻營收。",2022-11-07 10:04:35,1513,沖壓件廠鉅祥 (2476-TW) 第三季營收創新高，最新財報第三單季稅後純益 3.12 億元，創新高，累計三季稅後純益達 7.13 億元，年增 37.98%，已超越 2021 年全年獲利，每股純益 3.77 元。,['鉅祥'],097530f7-3be8-4fa3-9f09-8ddaaab04274
00850殖利率5.4% 配息創掛牌新高,"['00850', 'ESG', '永續', 'ETF', '配息', '高股息', '除息']","國內第一檔 ESG 台股 ETF——元大臺灣 ESG 永續 (00850-TW)，今 (7) 日公告今 (2022) 年度配息金額為 1.48 元，以上週五收盤價計算，殖利率達 5.4%，配息改寫 2019 年掛牌以來新高，後續 11/15 為除息前最後買進日，並於 11/16 除息。


00850 追蹤「臺灣永續指數」，網羅台灣各產業的 ESG 資優生，由於台股市值前段班企業多在 ESG 領域有卓越成績，因此 00850 的主要持股與國民 ETF 0050 相似，但股價只約有 0050 的四分之一，因此有「小 0050」之稱。在 ESG 特色加上平易近人的價格下，00850 長期深獲小資族青睞，為證交所定期定額交易戶數前十名的 ETF。


今年以來受到全球通膨加劇導致各國強升息下，各國股市包含台股皆呈現空頭格局，然而台股投資價值已漸漸浮現，以 00850 為例，目前成分股本益比已跌至 8.97 倍，遠低於歷史平均的 15.52 倍，逢低分批進場佈局可期。


元大投信提醒，投資人參加配息時，要留意配息率是否與追蹤指數息率差異太大，參加配息時也要留意基金配息率不代表報酬率，配息金額會自 ETF 淨值扣除，宜一併留意淨值的變動。",2022-11-07 10:15:32,1512,00850 殖利率達 5.4% 配息創掛牌新高,['元大臺灣ESG永續'],d86ec754-8125-4813-84a9-844010d1af7b
億光告特力屋等廠商專利侵權 求償達3億元,"['億光', 'LED', '侵權', '特力屋', '展晟', '中國電器', '特力集團']","LED 大廠億光 (2393-TW) 今 (7) 日宣布，已向台灣智慧財產及商業法院提起訴訟，控告特力 (2908-TW) 旗下特力屋等共三家廠商 LED 產品侵害億光專利，求償 3 億元賠償並要求停止銷售侵權產品。


億光表示，特力屋、展晟照明及中國電器的燈泡、燈管及吸頂燈等系列 LED 產品已侵害億光台灣專利 TWI665406、TWI644055 及 TWI553264。


億光指出，特力屋自有品牌及販賣的 Toshiba、東亞等 LED 產品，展晟的舞光 LED 產品，中國電器販賣的東亞 LED 產品皆已侵權。


此次訴訟三項專利與 LED 支架封裝技術與結構相關，可提高發光裝置的生產速度及良率，且提高發光裝置導電及散熱效果，用於照明 LED ，以及背光、車用 LED 等用途。


針對億光提告，特力今出面表示，特力屋為家庭用品、修繕器具販售賣場，業務性質為商品通路，本身並不從事商品製造，貨源均仰賴供應商提供，與供應商均簽訂不侵害專利權保證，本次億光聲稱專利侵權爭議，對特力屋營運不會造成任何影響。


特力指出，特力屋保障他人合法智慧財產權，不願介入他人間專利爭議，特力屋不僅對億光專利內容不知悉，且供應商交貨時，貨品在不破壞情況下無從得知構造技術，因此特力屋無故意侵害他人專利權。


特力表示，特力屋將持續謹慎態度處理此次專利爭議，希望釐清事實同時保障自身合法權益。",2022-11-07 10:53:21,1511,LED 大廠億光 (2393-TW) 今 (7) 日宣布，已向台灣智慧財產及商業法院提起訴訟，控告特力屋等共三家廠商 LED 產品侵害億光專利，求償 3 億元賠償並要求停止銷售侵權產品。,"['億光', '特力']",a2aa65af-91b5-4fa6-8e87-95c6b5285a76
日立永大電梯智能服務結合歐盟5A節能標章  提供綠色永續最佳組合,"['永大', '日立', '電梯', '趨勢分析']","節能減碳及循環經濟已成為世界共識，於日前高雄循環經濟大聯盟論壇中，經濟部專區更以邁向淨零、實現永續為主。


日立永大電梯指出，日前推出的日立電梯 HIT 系列結合 Hitachi Care and Green Service 智能遠程維保服務以及電力回收系統，能讓辦公大樓或住宅有效達成節能省電、降低公共區域用電支出，協助社區及大樓達到永續目標。


日立永大電梯指出，目前旗下日立電梯 HIT 系列以及桃園工廠皆獲得日立原廠認證，在電梯控制技術及遠程監控等方面，更有日本日立技術授權與國際接軌零時差。


日立永大電梯總經理蔡尚育指出，電梯在高速運行下，需要克服短時間內壓力的平衡、空氣阻力的振動噪音以及導軌上的微小顛簸，這些都需要工程團隊進行精密且謹慎的計算及驗證，才能提供最安全及安心服務。日立超高速電梯於 2019 年獲得世界最高速電梯紀錄，每分鐘運行可達 1260 公尺，相當於三分鐘即可抵達台灣最高峰玉山山頂。 


蔡尚育補充說，在 2020 年公司已取得歐盟 VDI 4707 認證節能 5A 標章，電梯要拿省電標章 A 其實不難，但 A 級中又細分 5 個等級，從使用強度與頻率非常低的第一等級到使用頻率非常高的第五等級，日立永大電梯直接挑戰最高規第五級，以每天平均運行時數 6 小時，在超過 100 公尺高度的辦公大樓或醫院等繁複使用的場域中通過測試，前後對比最高可省下 50% 的用電。


日立與永大機電成立之初雙方就有密切業務與技術合作，永大在 2022 年 4 月成為日立全資子公司。日立永大電梯累積 56 年維保服務經驗，在全國各地有 30 處以上服務據點，昇降設備裝修技術士證照 1200 張以上，品保及維保人員專業資歷完整，24 小時維修及客服諮詢，提供客戶全年無休的優良服務品質。",2022-11-07 10:53:42,1510,節能減碳及循環經濟已成為世界共識，於日前高雄循環經濟大聯盟論壇中，經濟部專區更以邁向淨零、實現永續為主。,[],83b391c8-3b8a-4032-a81f-8b25ed7100a6
〈台股盤中〉電子權值股回神 大漲百點站回13100點,"['台股', '盤中', '台積電']","台股今 (7) 日隨亞股開高，由電子權值股回神領軍，台積電 (2330-TW)(TSM-US) 大漲近 2%，加上航運、主板等族群強勢表態助攻，大漲超過百點，一舉站回 13100 點，預估成交量也放大至 2100 億元之上。


觀察電子權值股表現，台積電今日跳空開高，漲幅接近 2%，站回 5、10 日線，聯發科、聯電、日月光投控等漲幅則接近 3%，台塑四寶、金控雙雄也在盤上表現，反觀鴻海因透露將下修第四季展望利空影響，午盤前在平盤上下震盪，持續面臨百元保衛戰。


高價股也回神，股王信驊大漲超過 3%，大立光、旭準、力旺等千金股同樣力守紅盤，漲幅超過 1%，此外，包含亞德克 - KY、世芯 - KY、譜瑞 - KY、祥碩、創意等表現也不俗。


盤面上，航運業強勢表態，台船亮燈漲停，中航也漲逾半根停板，萬海、新興、長榮、台航、四維航、裕民、志信 - KY、陽明、台驊投控等都在紅盤之上，主板族群則更為剽悍，撼訊、麗臺、映泰、青雲午盤強鎖死漲停價位，微星、技嘉、承啟漲幅也在半根停板上下。


從 19 大類股比重觀察，午盤僅有建材營造、紡織纖維被壓在盤下，其餘類股皆在紅盤之上，電子類股、航運類股漲幅都在 2% 上下，成交比重則各占 63%、9%。


整體而言，台股短線已站回萬三關卡之上，且部分超跌族群也獲市場資金青睞，但由於全球經濟仍存在各項不利風險，包含中國持續動態清零、聯準會升息等，加上廠商仍面臨高庫存去化挑戰，大盤上攻力道能否延續，還要密切觀察。",2022-11-07 10:55:02,1509,台股今 (7) 日隨亞股開高，由電子權值股回神領軍，台積電 (2330-TW)(TSM-US) 大漲近 2%，加上航運、主板等族群強勢表態助攻，大漲超過百點，一舉站回 13100 點，預估成交量也放大至 2100 億元之上。,"['台積電', '台積電']",27c6d06d-a98c-4530-a2d4-ae6391a5838c
今年半導體設備產值可望連兩年突破千億元 力拚再寫新高,"['半導體', '經濟部', '設備', '統計處']","經濟部統計處今 (7) 日發布產業經濟簡訊，受惠車用電子、高效能運算等應用需求熱絡，加上半導體業者持續加大擴產腳步，統計今年前 8 月半導體設備產值已達 865 億元、年增 16.5%，展望第四季，統計處說，雖然全球經濟動能趨緩、半導體業者調整部分投資計畫，但全年產值仍可望連兩年突破千億元規模。


統計處表示，去年半導體設備產值達 1186 億元、年增 33.6%，創下歷史新高紀錄，反映半導體廠商持續在台投資高階製程，帶動供應鏈在地化的群聚效應，並吸引國際大廠來台投資建廠，回顧過去十年，我國半導體設備產值逐年成長，產值平均年增 17.7%。


從類別觀察，統計處指出，生產設備、零件係是近年主要成長貢獻來源，國產半導體設備又包含生產、檢測兩大類，以去年為例，生產設備及零件產值高達 879 億元，占比為 74.1%，此外，我國半導體設備直接外銷比重接近 5 成，去年占比約 45.7%，今年前 8 月則進一步提升至 47.7%。


統計處進一步指出，我國半導體設備出口主要國家依序為中國大陸、新加坡、美國、馬來西亞，去年出口值分別占總體約 45%、21.2%、12.7%、6.9%，合計四者占總出口金額達 85.8%。


進口值方面，統計處說，由於目前主要半導體生產設備技術多掌握在國際大廠，尤其是高階製程設備，因此導致去年我國半導體設備進口值達 319.7 億美元、年增 37.9%，依國家別觀察，以荷蘭進口 82.1 億美元、占 25.7% 居冠，日本、美國則分居二、三名，占比各約 22.1%、20.7%。",2022-11-07 11:34:47,1508,經濟部統計處今 (7) 日發布產業經濟簡訊，展望第四季，統計處說，雖然全球經濟動能趨緩、半導體業者調整部分投資計畫，但全年產值仍可望連兩年突破千億元規模。,[],ebb54552-ce31-4831-b591-31dafbc40f65
【龍哥講股教室】台股攻擊13684點缺口，安控，顯卡和矽智財族群輪動攻擊,"['永誠投顧', '蘇建豐', '台股', '趨勢分析', '安控', '顯卡', '矽智財']","上週五美股止穩，費半直接站回月線，多方控盤，台股有機會跟上美股腳步，挑戰季線反壓，先看 13684 點缺口，目前還是建議以短線操作為主，記住，反彈行情的操作就是快狠準，不要談戀愛，短線操作，控制風險。


現在可以關注有題材，技術面偏多，籌碼穩定的主力股，比較容易吸引資金進駐，看看安全監控，上周晶睿創高，今天換昇銳和奇偶接棒，這就是主流股；顯卡整理後再度攻擊，短線上還有再攻的機會，全部驗證；目前操作上只要注意，不要追均線乖離過大的個股，拉回再佈局即可，降低風險。




安全監控受惠轉單，晶睿 (3454-TW)，奇偶 (3356-TW)，昇銳 (3128-TW)


 記憶體減產加上轉單，南亞科 (2408-TW)，群聯 (8299-TW)，威剛 (3260-TW)


 面板報價續漲，友達 (2409-TW)，群創 (3481-TW)，聯詠 (3034-TW)，天鈺 (4961-TW)


 板卡短線攻擊，撼訊 (6150-TW)，麗臺 (2465-TW)，技嘉（3576-TW)，華擎 (3515-TW)


ABF 載板站穩月線，欣興 (3037-TW)，景碩 (3189-TW)，南電 (8046-TW)


 矽智財營收穩定，創意 (3443-TW)，智原 (3035-TW)，力旺 (3529-TW)，M31(6643-TW)，晶心科 (6533-TW)


 投信佈局車用，台半 (5425-TW)，詮欣 (6205-TW)，智伸科 (4551-TW)




想要掌握主力股的狀況，只要訂閱龍哥 YouTube 和開啟小叮噹，就可以得到第一手消息（
https://lihi1.com/UOB7n
）。


一路以來，龍哥與大家分享好的產業，資金就是輪動攻擊，從網通，車用，節能，光學，再生晶圓，矽智財，工業電腦到太陽能等等，一檔接著一檔攻擊，龍哥的持股就是一檔接著一檔創高，從昇陽半導體到致伸，再換中興電以及高力，然後到昇達科，揚明光，老朋友昇陽半導體又多送一次獲利，工業風好自在 - 虹堡直接大賺 31.5%，極速 - 台半噴出直接獲利 15%，再來換隱藏飆股 - 元晶噴出大賺 16%，連續 10 檔賺錢，買到對的產業對的股票，還是能簡單獲利，記住，營收穩定，對股價就有保障。






【SuperStock 動能操盤系統】


市面上最強的股票操盤系統，要買要賣直接告訴你!


【特點】




主力動能階梯找出主力動能價位


主力籌碼量能即時監視大戶動向


 SuperStock 指標計算出最佳進出場點位


依照自己的操作習慣選擇高勝率波段策略或高勝率當沖策略


多方訊號 & 空方訊號皆可自由選擇


精選好股提高操作勝率與獲利




操作介面簡單好上手，完整教學影片，電腦和手機皆可用，自己就是獨立操盤手!


SuperStock 簡介


https://youtu.be/_wxNJqvA5yw


體驗操盤快感請填表！


https://forms.gle/uQ5VGDRNofo8EFV98


或直接打電話 02-25415555






盤勢震盪，突顯出股票當沖的優勢，不留部位，沒有隔夜風險，龍哥推出主力當沖班以及大戶當沖班，依照自己的操作資金來選擇，無本金交易，小資族好操作，安心穩定操作，天天都有加薪的機會，常常賺累積大獲利。


#虹堡直接大賺 31.5%


#極速台半大獲利 15%


#隱藏飆股元晶大賺 16%


#龍哥的持股連續 10 檔大賺錢


#巨龍班火熱招生


#波段和當沖互補績效增加獲利


龍哥帶領會員朋友短線操作~ 相連到天邊 & 精彩人生~ 技術面準備突破的個股~ 趁低檔佈局~ 簡單獲利~ 繼續搶錢。










【巨龍班 1+1 的獲利保證】


（一）當沖操作


無論盤勢如何震盪洗盤


雙向當沖也能雙邊獲利


（二）波段操作


喜迎利空出盡盤勢反轉


賺取波段低接就能獲利


因為行情不好，我們可以當沖降低留倉風險，如果行情轉好，我們可以擁抱波段大賺一筆。


加入【巨龍班】讓獲利無限變大

雙享專線請撥：02-2541-5555

立即填寫表單：
https://yc88598.pse.is/4jzpn5




《獲得更多「獨家」盤中資訊》


【FB 粉專】：
https://www.facebook.com/stockfuturelung5


【Line ID：@lung1688】
https://lin.ee/faiqzYC


【Telegram】
https://t.me/lungfuture88988


【Instagram】
https://www.instagram.com/richdragon88988/


留言跟龍哥互動：


TG：
https://lihi1.com/iU6YJ


LINE：
https://lihi1.com/IXgLt


FB：
https://lihi1.com/e7cKj


【龍哥 Youtube】
https://lihi1.com/UOB7n


(110) 金管投顧字第 009 號，本公司不保證獲利，投資人應獨立判斷，審慎評估並自負投資風險。 永誠國際證券投資顧問股份有限公司 蘇建豐分析師客服專線：02-25415555",2022-11-07 11:50:41,1507,無摘要,[],45a27a10-ccaf-4493-890e-4de5ce5b8c5e
普生檢測試劑新品上市 明年營運拚重回疫情前,"['檢測', '試劑', '普生']","檢測試劑廠普生 (4117-TW) 受到新冠檢測需求下降，今年營收大幅下滑，公司預期，明年新產品將陸續上市，包括核酸檢測一體機、多樣化試劑產品，且正在與客戶洽談訂單量，明年營運有望回到疫情前水準。


總經理林孟德表示，過去試劑與檢測機器分開銷售，其檢測機器也能使用不同廠商的試劑，導致客戶會向不同業者下單，整體拉貨狀況不理想，因此開發出核酸檢測一體機，從萃取、PCR 至檢體分析等檢測過程一次完成，簡化檢測流程與提升效率，藉此提升客戶對產品的黏著度。


林孟德指出，由於核酸檢測需求持續存在，開發出一體機後，目前已與客戶討論明年訂單量，預期訂單量將比今年增加不少，成為營收成長動能之一。


除了檢測儀器，試劑產品也朝多元化發展，包括新冠肺炎與 A/B 型流感病毒二合一快篩試劑、傳染性疾病、呼吸道等適應症試劑，並持續拓展 A/B/C/D 肝炎、子宮頸癌 (HPV)、HIV，相關新試劑產品將於明年陸續推出、貢獻營收。


普生新冠檢測產品包括 RT-PCR 核酸試劑、VTM 病毒採集組、核酸萃取劑等，林孟德表示，由於新冠疫情走向流感化，相關檢測需求驟減，加上緊急使用授權 (EUA) 逐步退場，考量公司資金費用，目前規劃 RT-PCR 核酸試劑與 VTM 病毒採集組會轉軌申請正規的 510(K) 認證，其他產品則會暫停生產。",2022-11-07 11:52:51,1506,檢測試劑廠普生 (4117-TW) 受到新冠檢測需求下降，今年營收大幅下滑，公司預期，明年新產品將陸續上市，包括核酸檢測一體機、多樣化試劑產品，且正在與客戶洽談訂單量，明年營運有望回到疫情前水準。,['普生'],8689519e-13c3-4fb7-905a-8df42be6d828
〈觀察〉E-Bike趨勢明確 電子零組件廠延伸至整車布局,"['E-Bike', '電動自行車', '宣德', '正崴', '信邦', '達方']","電動輔助自行車 (E-Bike) 在歐洲蔚為趨勢、市場看好美國在未來幾年滲透率可望快速提升，不只自行車、電動車品牌布局，國內電子零組件廠也紛紛搶進，利用自身優勢，進一步垂直延伸至整車布局。


在綠能減碳趨勢及政策推動下，歐洲各國 E-Bike 滲透率持續提升，如法國今年將淘汰燃油車換購電動腳踏車補助金額上限提升至 4000 歐元，讓腳踏車通勤比例由 3% 提升到 9%，立陶宛等國也有換購電動載具的補貼政策。


根據歐洲自行車產業協會及歐洲自行車聯盟等研調機構預測，2023 年歐洲自行車與 E-Bike 銷量，將成長到 3000 萬台。至於美國方面，世界經濟論壇數據顯示，預計美國 E-Bike 滲透率將在 2022 至 2027 年間大幅攀升。


國內電子零組件廠也看好 E-Bike 未來成長性，藉由自身在電子零組件上的優勢，進一步延伸至整車組裝，不僅藉此擴大業務，且因 E-Bike 屬於趨勢應用，與消費性電子相比，受景氣波動的影響相對較小，也有利廠商產品組合轉型。


達方 (8163-TW) 本身擁有電池電控、電源管理技術，近年透過併購，取得車架廠太宇、整車組裝廠世同、電池模組廠統達能源，擴大 E-Bike 零組件布局以及垂直整合能力，目前 E-Bike 為主的綠能事業也已經取代鍵盤、被動元件，成為公司主要營收獲利來源。


多家連接器及線束廠同樣也看好 E-Bike 商機，信邦 (3023-TW) 與旗下太康精密 (6833-TW) 布局多年；宣德 (5457-TW) 也在今年拿下歐系 E-Bike 品牌的代工組裝訂單，高雄岡山廠第三季上線，第四季到明年將進一步放量；正崴 (2392-TW) 同樣積極布局 E-Bike、電動滑板車的零組件及組裝業務。",2022-11-07 11:54:48,1505,電動自行車 (E-Bike) 在歐洲蔚為趨勢、市場看好美國在未來幾年滲透率可望快速提升，不只自行車、電動車品牌布局，國內電子廠也紛紛搶進，利用自身零組件優勢，進一步擴大延伸至整車布局。,"['達方', '信邦', '太康精密', '宣德', '正崴']",0ded579e-e1d1-412f-8fa0-0c053105e359
廣穎Q3 EPS逆勢衝11年新高 股價跳空強攻漲停,"['廣穎', '記憶體', '模組', 'DRAM', 'SSD', '漲停']","記憶體模組廠廣穎 (4973-TW) 第三季 EPS 衝上 2.18 元，創 11 年來單季新高，激勵今 (7) 日股價開盤跳空直奔漲停價 20.8 元鎖住，攀近 5 個月新高價。


廣穎第三季營收 11.12 億元，季增 21.4%、年增 15.6%，毛利率 17%，季增 4.73 個百分點，攀 2 年半新高；稅後純益 1.38 億元，較上季轉盈，年增逾 11 倍，每股純益 2.18 元。


廣穎前三季營收 31.13 億元，年增 3.2%，稅後純益 1.44 億元，年增 3.6 倍，每股純益 2.27 元。


廣穎指出，雖然第三季記憶體價格持續下跌，營運挑戰倍增，但公司積極進行市場及通路調整，並致力於產品結構多元化策略，加上工控、B2B 通路、電商平台同步成長，DRAM 與 SSD 業績雙創 5 年來單季新高，帶動營運衝高。",2022-11-07 12:18:40,1504,記憶體模組廠廣穎 (4973-TW) 第三季 EPS 衝上 2.18 元，創 11 年來單季新高，激勵今 (7) 日股價開盤跳空直奔漲停價 20.8 元鎖住，攀近 5 個月新高價。,['廣穎'],898f0bde-2cf2-4663-a92b-d4f00c032bef
【盤中熱點】半導體回神，利多族群強漲、利空族群亮眼「最壞情況已過？」,"['趨勢分析', '盤中', '永豐金證券', '半導體', '矽智財', '生技']","一、半導體回神，利多強漲利空亮眼「最壞情況已過？」




一、半導體回神，利空族群亮眼「最壞情況已過？」


1.
 半導體回神、矽智財板卡強漲：


在美國科技股強漲的帶動下，本日電子族群不但比重回升，大多也都有著較佳的表現，帶動指數上揚百餘點，預估量為 2182 億，倘若收盤高於 2000 億，則是近十二個交易日以來的最大量。


盤面上來看多方指標依序為 (2330-TW) 台積電、(2454-TW) 聯發科、(2303-TW) 聯電、(3711-TW) 日月光投控、(1303-TW) 南亞，拖累漲勢的則是 (2317-TW) 鴻海、(3045-TW) 台灣大、(2412-TW) 中華電、(4904-TW) 遠傳、(5880-TW) 合庫金。


就多方來看，本日大都族群齊走揚，同時量能有所放大，意味當前市場信心有所回溫。


2.
 利空族群亮眼「最壞情況已過」？


日前提及，受到晶片禁令影響的矽智財如 (3661-TW) 世芯 - KY、(3443) 創意、(3035-TW) 智原、(6643-TW)M31、(6533-TW) 晶心科、原先有望提前落底的記憶體如 (2408-TW) 南亞科、(2344-TW) 華邦電、(2337-TW) 旺宏等族群，哪時候能止穩或者有所表現，就可以用來觀察市場信心，而相關族群在本日盤面皆有著亮眼表現。


觀察近期盤面，種種壞消息接二連三的出現，譬如說日前 (2458-TW) 義隆電因 NB 需求雪崩而賠錢解約，但就股價表現來看目前強漲逾 7%，而根據最新消息，10 月 DRAM 報價下跌 10%，但相關記憶體族群也是不跌反漲，顯示當前市場對於利空或已出現鈍化的跡象，或是已有利空出盡的訊號。




二、生技佔比顯著下降，市場信心回復


1.
 生技佔比顯著下降，市場信心回復


近來不斷提及，與景氣反向的生技族群，會是觀察盤面狀況的重點族群之一，而在今日櫃生技比重已降至平均水準附近，這也顯示市場對風險趨避有所降溫，且板卡族群 (6510-TW) 撼訊、(2465-TW) 麗臺、(2425-TW) 承啟、(2399-TW) 映泰、(2377-TW) 微星、(2376-TW) 技嘉、(2357-TW) 華碩等個股在傳出利多消息後股價有著強勢表現，顯示資金追逐短線利多族群，或意味市場信心已經有所回溫，不再對盤面抱持悲觀態度。


因此未來量能表現，就會是下一個關注的方向。


2.
 集團作帳行情啟動




近期提到集團作帳是台股年底大戲，上周五和我們以 (5483-TW) 中美晶、(6488-TW) 環球晶、(8086-TW) 宏捷科的中美晶集團為例，而除了中美晶集團外，華新麗華集團也是集團作帳行情下的常勝軍，包含 (2344-TW) 華邦電、(6173-TW) 信昌電、(2492-TW) 華新科等相關集團股，在歷年 12 月平均上漲機率逾 6 成，平均漲跌幅則是逾 7%，值得注意的是，(1605-TW) 華新在本日也表現相當強勢。


倘若市場有最壞情況已過的預期，則台股多方行情可望延續。


三、陪你一起看盤勢猜漲跌




科技回神成交量增溫 多方氛圍回歸


上週五提及，指數大方向仍偏向區間震盪的格局，尾盤則是要看護國神山、聯發科是否有所表現，隨著相關個股有著較佳表現，且美科技股強漲、美元回落等，激勵台股走揚，同步突破相形的區間整理，並且量能有所增溫，將有望令多方信心進一步提升。


但本周仍有美國 CPI 數據、FED 官員談話以及美國期中選舉，倘若市場再次出現波動，則中小型題材股的表現，就會是值得留意的方向。




延伸推薦閱讀：


1. 抗震！必需性消費類股 ETF 介紹 (以 XLP 為例)：
https://sinourl.tw/CIH9Io


2. 教你總經數據如何應用投資，看懂 CPI、利率點陣圖：
https://sinourl.tw/FiUjQ5


3. 美股 ETF 怎麼選？投資人最愛的 TOP8 美股：
https://sinourl.tw/e5Y8Vu


本公司所推薦分析之個別有價證券

無不當之財務利益關係 以往之績效不保證未來獲利

投資人應獨立判斷 審慎評估並自負投資風險",2022-11-07 12:43:32,1503,無摘要,"['台積電', '華邦電', '聯電', '日月光投控', '南亞', '鴻海', '台灣大', '中華電', '遠傳', '合庫金', '世芯-KY', '智原', 'M31', '晶心科', '南亞科', '旺宏', '義隆', '精測', '麗臺', '承啟', '映泰', '微星', '技嘉', '華碩', '中美晶', '環球晶', '宏捷科', '信昌電', '華新科', '聯發科', '華新']",8f743b56-2f81-4526-922a-d0e1a098e6c5
〈焦點股〉晶片禁令影響有限 世芯-KY、M31飆漲停,"['超微', '台積電', 'ASIC', 'IP股']","矽智財 (IP) 及特殊應用 IC(ASIC) 族群今 (7) 日受到買盤青睞，包括世芯 - KY(3661-TW)、M31(6643-TW) 均亮燈漲停，主要因美對中晶片禁令衝擊較市場預期來得輕，加上美國處理器大廠超微 (AMD-US) 新品一波波，最新 GPU、CPU 將採用主力代工廠台積電 (2330-TW)(TSM-US)5 奈米製程，台積電股價強勢上漲逾 2%。


ASIC 族群今天成為買盤焦點，世芯 - KY 直奔漲停，來到 797 元，創意、智原也大漲逾半根停板。IP 概念股同步走高，M31 股價亮燈漲停，達 378 元，力旺、晶心科盤中也有約 5% 的漲幅。台積電股價強勢上攻，盤中最高衝上 392 元，漲幅達 2.6%，市值重返 10 兆元大關。


世芯 - KY 第三季營收略低預期，但稅後純益仍創歷史次高，達 4.43 億元，每股稅後純益 6.2 元，前三季合計 18.53 元，續創同期新高。針對美國祭出新禁令，公司表示，綜合各方面評估，僅 1 家中國 GPU 客戶需取得出口管制分類號碼 (ECCN)，占公司營收僅 1-2%，影響相當有限。


超微上周發表 RX 7900 XTX、7900 XT 顯卡，為首款採用 RDNA 3 架構的顯卡，並將 Chiplet(小晶片) 設計導入到消費性顯卡產品中，超微表示，新款 7900 系列顯卡採用 5 奈米製程的繪圖運算晶片、6 奈米製程的快取記憶體晶片，可望顯著提升效能，此外，超微本周將發布全新 Zen 4 架構 Genoa 伺服器處理器。",2022-11-07 13:10:17,1502,美國處理器大廠超微 (AMD-US) 新品一波波，最新 GPU、CPU 可望採用主力代工廠台積電 (2330-TW)(TSM-US)5 奈米製程，激勵台積電今 (7) 日股價強彈,"['世芯-KY', 'M31', '台積電', '超微', '台積電']",ab0d87f2-55a1-411e-ab86-b0f6823d9e96
銅價飆漲 金益鼎銅占比過半大啖漲價紅利,"['中國', '清零政策', '鬆綁', '銅', '銅價', '金益鼎', '綠電', '第一銅', '建通', '金居']","銅價持續上漲，除基本需求帶動外，市場也傳中國可望鬆綁防疫政策，帶動近期一般工業金屬價格大漲，銅更一度飆漲 7%，今 (7) 日台股銅相關概念股多檔直奔漲停，事實上，金益鼎 (8390-TW) 銅回收銷售占營收比重也高達 4-5 成，營運可望同步受惠。


金益鼎表示，銅價上漲可望帶動公司銅銷售，金益鼎將廢棄物提煉出銅，再銷售至中國市場，目前庫存中有 4-5 成都是銅，中國做為全球銅消費大國，政策鬆綁出貨動能可望加溫。


另外，公司指出，中國的銅現貨價格近期也高於期貨，顯見需求逐步爬升，下游庫存水位較低，預料將有一波補貨潮。


彭博近期引述消息人士報導，中國政府正在研擬取消「航班熔斷」禁令，儘管遭到中國官方否認，不過銅持續處在缺貨狀態，帶動價格上漲；大宗商品交易商托克 (Trafigura) 認為，全球銅庫存已降至危險水準，到年底庫存可能降至不到 3 天，全球最大礦商必和必拓集團 (BHP Group)(BHP-US) 也表示，隨著能源轉型加速，銅礦開採難度加大，長期銅市可能出現供應短缺。


銅價上周五飆漲 7.6% 達每磅 3.6865 美元，創 8 月下旬以來最高收盤價，也是 2009 年 2 月以來最強單日表現，在銅價帶動下，今日相關概念股也飆漲，第一銅 (2009-TW)、綠電 (8440-TW) 直攻漲停，建通 (2460-TW)、銅箔原料商金居 (8358-TW) 皆大漲逾 8%。


金益鼎主要回收廢棄物精煉出金屬並銷售，其他則為鐵等一般金屬，另外還包含黃金、白金這類貴金屬，除了金屬提煉以外，金益鼎還有廢棄物處理的業務。",2022-11-07 13:11:07,1501,彭博報導指出中國防疫清零政策即將鬆綁，帶動近期一般工業金屬大漲，銅更一度大漲 7%，帶動概念股成為市場焦點，今 (7) 日第一銅與金屬廢棄物處理廠綠電連袂亮燈漲停，值得注意的是，金益鼎 (8390-TW) 銅回收銷售也占,"['金益鼎', '第一銅', '綠電', '建通', '金居', '必和必拓礦業公司']",8ecceeda-5bc7-4063-ada9-7b7506687326
需求疲弱 彭博：蘋果大砍新款iPhone產量300萬支,"['蘋果', '產量', 'iPhone 14', '產業', '手機']","知情人士透露，蘋果公司 (
AAPL-US
) 預估今年 iPhone 14 系列智慧手機的產量，至少比原估少 300 萬支，凸顯消費者支出疲弱的衝擊。


彭博報導，消息人士表示，蘋果與其供應商現在的生產目標是 8,700 萬支或更少，此前目標為 9,000 萬支。蘋果減少生產的主因，是消費者對 iPhone 14 和 14 Plus 機型的需求疲軟。


Edison Lee 等 Jefferies 分析師於表示，相較於 iPhone 13 系列，iPhone 14 的四款機型在中國上市頭 38 天銷量下滑 28%，且更新後數據顯示跌幅擴大至 33%，就連表現較穩定的 iPhone 14 Pro 也失去買氣。


不過，蘋果周日（6 日）說，iPhone 14 Pro 和 Pro Max 的需求仍強。儘管如此，蘋果仍表示，新款手機 iPhone 高階機型的出貨量將不如原先預期，原因是中國封控措施影響鴻海 (
2317-TW
) 鄭州廠產量。


Ryosuke Katsura 等 SMBC Nikko 分析師上周五將他們對蘋果今年的新款 iPhone 產量預測下修至 8,500 萬支，原估 9,100 萬支。他們調高對 iPhone Pro 機型的產量，但進一步下調入門款機種的產量預測。


上述分析師說，部分業者已開始評估這些調整對獲利展望的潛在影響。


（本文不開放合作夥伴轉載）",2022-11-07 13:18:30,1500,知情人士透露，蘋果公司預估今年 iPhone 14 系列智慧手機的產量，至少比原估少 300 萬支，凸顯消費者支出疲弱的衝擊。,"['鴻海', '蘋果']",1bac5801-929d-45cd-9bb9-d62562c9b1d9
台積電登高一呼 台股放量漲197點收13223點 創1個月新高,"['台股', '台積電', '半導體', '安控', '板卡']","美股上周五收高，台股今 (7) 日也開高走高，一度大漲逾 200 點，權王台積電登高一呼，半導體權值股同步助攻，加上航運、金融、板卡、安控等族群也都獲得買盤青睞，帶動加權指數終場上漲 197.02 點或 1.51%，收在 13223.73 點，成交值放大至 2046.46 億元，登上 1 個月以來新高。


櫃買指數終場上漲 1.29 點或 0.75%，收在 172.95 點，成交值 617.44 億元。上市櫃成交值合計 2663.9 億元。


美股 4 日收高，台積電今天開盤強勢上攻，最高來到 393 元，終場漲幅收斂至 2.09%，收在 390 元，月線得而復失，但市值重返 10 兆元之上。聯發科勁揚近 4%，站上 600 元，終場收 620 元。聯電、日月光投控、聯詠、瑞昱等半導體權值股漲勢都相當凌厲。


中國傳出將放寬防疫管制，帶動運價回神，BDI 指數上周五強彈逾 2.5%，航運股今天買盤焦點，台船、正德亮燈漲停，貨櫃三雄方面，萬海大漲半根停板，站上 70 元，長榮也有 3% 以上的漲幅，陽明則收漲近 2%，此外，四維航、中航、新興、裕民等也表現強勢。


金融股今天也扮演撐盤要角，由富邦金領漲 2.5%，中信金、兆豐金、玉山金、國泰金、開發金等均上漲逾 1%。台塑四寶全面走揚，其中以南亞漲逾 3% 最強，台塑終場也上漲 2%。


受到超微新品上市的激勵，板卡廠撼訊直奔漲停價 67.3 元，青雲、麗臺同步噴漲停，技嘉、微星漲幅也超過 4%。台灣安控廠奇偶則有望受惠美國晶片禁令效應，股價也亮燈漲停，來到 40.15 元，創下近 1 年新高。",2022-11-07 13:41:37,1499,美股上周五收高，台股今 (7) 日也開高走高，一度大漲逾 200 點，權王台積電登高一呼，半導體權值股同步助攻，加上航運、金融、板卡、安控等族群也都獲得買盤青睞,[],64559954-39c6-45e7-856c-daba1e92eaed
台股站上13200點 三大法人聯手買超105.84億元 外資終止連4賣,"['台股', '三大法人', '外資', '投信']","台股今 (7) 日開高走高，一度大漲逾 200 點，台積電領軍半導體權值股上攻，金融、傳產族群也百花齊放，加權指數終場上漲 197 點，收在 13223 點，成交值放大至 2046 億元，創 1 個月新高。三大法人均站在買方，聯手買超 105.84 億元。


外資今天回頭買超台股 92.03 億元，終止連 4 賣，投信續站買方，買超 8.62 億元，為連 8 買，自營商同步買超 5.18 億元。三大法人合計買超 105.84 億元。


台積電 (2330-TW) 今天漲勢強勁，最高來到 393 元，終場漲幅收斂至 2.09%，收在 390 元，月線得而復失，但市值重返 10 兆元之上。聯發科勁揚近 4%，站上 600 元，終場收 620 元。聯電、日月光投控、聯詠、瑞昱等半導體權值股漲勢都相當凌厲。


矽智財 (IP) 及特殊應用 IC(ASIC) 族群受到買盤青睞，世芯 - KY、M31 均亮燈漲停，主要因美對中晶片禁令衝擊較市場預期來得輕，加上美國處理器大廠超微新品一波波，最新 GPU、CPU 將採用主力代工廠台積電 5 奈米製程，其他包括創意、智原、力旺、晶心科也獲資金追捧。


中國傳出將放寬防疫管制，帶動運價回神，BDI 指數上周五強彈逾 2.5%，航運股今天買盤焦點，台船、正德亮燈漲停，貨櫃三雄方面，萬海大漲半根停板，站上 70 元，長榮也有 3% 以上的漲幅，陽明則收漲近 2%，此外，四維航、中航、新興、裕民等也表現強勢。",2022-11-07 15:01:10,1498,台股今 (7) 日開高走高，一度大漲逾 200 點，台積電領軍半導體權值股上攻，金融、傳產族群也百花齊放，加權指數終場上漲 197 點，收在 13223 點，成交值放大至 2046 億元,['台積電'],b234bc0a-1690-40a8-bac4-89e4a852e3b9
〈美禁高階晶片輸中〉規避美國制裁 台積電中國客戶傳自降晶片處理速度,"['台積電', '阿里巴巴', '晶片']","知情人士透露，阿里巴巴 (
BABA-US
) 和新創公司壁仞科技調整先進晶片設計，自動調降處理速度，以規避美國政府打壓中國電腦運算能力的制裁。


倫敦《金融時報》報導，消息人士表示，上月華府宣布擴大對中出口管制令時，阿里巴巴和壁仞科技已開始在台積電 (
2330-TW
) 測試新款晶片，礙於美方管制不得不停止進一步試產，並調整設計。


這對已遭北京打壓的阿里巴巴而言，又是一記重拳。知情人士說，阿里巴巴的新晶片是旗下首款繪圖處理器（GPU），且即將發表。壁仞科技也宣稱正在研發性能比輝達（Nvidia）、超微還強的 GPU。


上海一家晶片設計新創公司說：「還是要低調一點，他們大搞宣傳，規格白紙黑字，寫得清清楚楚，現在台積電要幫他們想辦法可難了。」


三名與台積電合作的中國工程師表示，台積電等晶圓廠很難準確判斷處理器的功率，因此台積電已要求中國客戶自行公布晶片輸出功率，並簽署免責聲明。


一位與台積電關係密切的人士透露，壁仞科技公開宣傳其處理器，已迫使台積電停止供應，因為這些晶片的性能可能達到美國政府的限制規定。


該人士說：「除非他們能證明沒有問題，否則我們將無法向他們發貨。只要有危險信號，我們就必須檢查。」


美國政府管制運算速度高於 600 gb/s 的晶片。壁仞科技一位資深工程師說，傳輸速率的計算方式有很多種，壁仞科技為爭取繼續由台積電生產，已自動調低運算速度。


在美國宣布制裁前，壁仞科技官網顯示首款微處理器「BR100」的傳輸速率為 640 gb/s，達到須經美國許可門檻。如今，該公司已將速度調降至 576 gb/s。",2022-11-07 15:13:06,1497,知情人士透露，阿里巴巴和新創公司壁仞科技調整先進晶片設計，自動調降處理速度，以規避美國政府打壓中國電腦運算能力的制裁。,"['台積電', '阿里巴巴']",24aaa829-ea89-4ab1-864e-d4671c7906a9
〈台股盤後〉攻擊量發威 強漲197點收復所有短均,"['台股', '電子', '金融', '台積電']","美股上週五全面大漲，其中又以費城半導體漲勢最強勁，台股今 (7) 日跟進續彈，在台積電領軍電子股走高、金融傳產助攻下，終場大漲 197.02 點，收 13223.73 點，不但站上 13200 點，且收復所有短期均線，成交值放大至 2046.46 億元。


台積電強漲超過 2%，收在 390 元、收漲 8 元，距離月線僅一步之遙，成交值 137.64 億元居台股之冠；大立光也漲逾 1%，收在 1925 元，蘋概三王只有鴻海收小跌，以 100 元整數作收；在台積電回神之下，聯電、聯發科等都連袂走高。而高價股的世芯 - KY、高力都亮燈收漲停。


航海王也是盤面多頭焦點，台船強鎖漲停板，四維航勁揚超過 6%，萬海、新興、台航、長榮、陽明等都滿面紅光。不過值得注意的是，航空雙雄則逆勢下挫超過 2%。


而金融股也扮演撐盤要角，中信金、富邦金、高雄銀、三商壽、台新金、兆豐金都漲超過 2%，漲勢勝過大盤。


整體來說，美元指數急跌，帶動新台幣轉升，台股隨勢開高走高，今天攻擊量擴增，站上 13200 點，有利大盤在萬三落底成形。",2022-11-07 15:39:30,1496,〈台股盤後〉攻擊量發威 強漲 197 點收復所有短均,[],1752b942-0bc4-44e9-be3f-a86e43e61661
中壽攜手聽障人協會 友善溝通零距離,"['中壽', '中國人壽', '趨勢分析']","根據衛福部 2021 年統計資料，全台聽覺機能障礙者以及聲音機能或語言機能障礙者超過 14 萬人，占全體身心障礙人數比例 12%，其中有高達 9.6 萬人是先天或後天聽損的 65 歲以上長者；再過三年，台灣將邁入每 5 人就有 1 位是 65 歲以上高齡者的超高齡社會，屆時，不僅你我周遭親友或是未來的自己，都有可能面臨聽力退化的挑戰。


為完善對聽障者的友善金融服務，中國人壽與中華民國聽障人協會合作，導入聽障友善課程及手語翻譯服務措施，也透過擔任全年度協會系列活動志工，實地了解與同理聽障者需求，進而運用於實務工作中，致力於為聽障客戶創造平等無礙的友善金融環境。


聽障族群外表跟一般人無異，相關需求更容易被忽略，不論在生活上或資訊上都存在著溝通障礙；尤其當聽障者在面對相對複雜的金融商品時，若無適當的溝通管道，在理解上容易產生隔閡與誤差，而一般以口語為主的金融理財相關活動或講座因無聽打或手語翻譯，大大減少聽障者能夠獲取金融資訊的機會。有鑑於此，中壽導入聽障人協會手語翻譯，幫助聽障客戶取得與一般客戶同等的保險及相關權益資訊，由內而外全力打造資訊無落差且溝通無礙的環境。


為更加了解聽障者以提供最適切的服務，中壽規劃專業課程，讓服務人員同理聽障者的溝通邏輯，學習以表情、肢體語言，加上手語等多元方式，使溝通更順暢，並邀請聽障人協會秘書長基於自身即為重度聽障者的角度，分享聽障族群與聽力退化長者所面臨的各種處境與需求；亦將聽障友善納為全體同仁必修，業務員也加入學習行列，培養服務聽障客戶落實金融友善的能力。


近年詐騙猖獗，聽障族群往往因資訊接收及言語上的障礙，成為詐騙集團覬覦的對象，因此中壽印製防詐手冊提供協會等相關機構發送，幫助聽障朋友具備相關的防詐知識，維護自己的財務安全。同時，更進一步製作聽障友善宣導影片對外推廣，期許拉近社會大眾與聽障者的距離；亦於疫情期間捐助支持協會的聽障確診者關懷專案，幫助確診的聽障朋友度過難關，為建構包容同理的友善社會盡一份心力。


中壽在「以客戶為中心」的理念下，持續以「愛與關懷」的人本精神，向客戶實踐「陪伴是最美好的承諾」，並持續擴大對社會的關懷，以行動支持弱勢族群，朝向成為最受推薦和信賴的壽險公司邁進。",2022-11-07 15:39:42,1495,中壽打造聽障客戶溝通無礙的友善環境，提供手語翻譯服務，並透過專業課程同理聽障者需求，提供最適切的金融友善服務。,[],ee4cddce-cded-474f-b751-44fa69fe4712
華碩衝刺新創事業布局 攜手台大創創攻三領域,"['華碩', '品牌', '新創', '台大創創']","品牌大廠華碩 (2357-TW) 近年積極布局新創事業發展，近期更深化與台大創創中心合作成立企業加速器，預計近期展開招募，鎖定電動車應用、綠色科技、遊戲化體驗等三大領域應用，華碩表示，期盼與新創團隊共同開拓新技術與商業模式，並在未來導入市場。


台大創創已有多年新創培育經驗，攜手華碩等企業資源後，可望使新創團隊進一步獲得外部創新動能，華碩共同執行長許先越表示，希望透過與台大創創合作，共同招攬優秀新創團隊，同時以華碩商業經驗、通路資源，加速新創團隊進入市場的進程。


華碩這次與台大創創成立的加速器，將瞄準三大領域，其中，電動車應用將鎖定在顯示螢幕、充電系統、延伸應用等領域發展，綠色科技則著重綠色能源、環境氣候，至於遊戲化體驗則希望新創團隊以軟體或服務的角度，設計有趣的虛實整合體驗、活化華碩現有資產。


台大創創執行長曾正忠表示，新創團隊透過與企業垂直加速器合作，將可望以有系統的驗證方式，陪伴企業加速創新步伐，並找到成長新商機，未來台大創創將持續扮演平台角色。",2022-11-07 15:41:01,1494,品牌大廠華碩 (2357-TW) 近年積極布局新創事業發展，今年也在淡水竹圍設置 AI 雲創園區，近期更深化與台大創創中心合作成立企業加速器，預計近期展開招募，鎖定電動車應用、綠色科技、遊戲化體驗等三大領域應用。,['華碩'],d3765a8a-b4c0-4223-b49d-50b7ea6ede0d
材料-KY 10月營收4.12億元創次高 站穩4億元關卡,"['材料', '絲束', '醋片']","材料 - KY (4763-TW) 在手訂單充足，公司今 (5) 日公布 10 月營收，達 4.12 億元，月增 1.54%，年增 82.88%，站穩 4 億元，並改寫次高紀錄，前 10 月營收 34.52 億元，年增 59.01%。


材料 - KY 前 10 月營收已超越 2021 年全年，依照材料 - KY 現有產能估算，接下來幾個月營收將維持高檔，今年營收可望超越 40 億元，2023 年可達 50 億元以上，年成長逾 8 成。 


材料 - KY 今年以來營收成長，主要受惠中國境內新增客戶，還有既有客戶拉貨，且對歐洲新客戶開始出貨，董事長王克璋先前指出，材料 - KY 今年絲束接單已滿，依目前市場供需研判，產業榮景至少還可維持 3 年。


材料 - KY 今年持續有擴產規劃，並規劃開發顯示面板用偏光板上游材料，產能方面，山東濟南絲束廠年設計總產能目前為 1.6 萬噸，因應未來絲束需求與營運成長，目標再新增 4000 噸絲束產能。",2022-11-07 15:51:54,1493,材料 - KY (4763-TW) 在手訂單充足，公司在今 (5) 日公布 10 月營收，仍站穩 4 億元大關，並改寫次高紀錄，材料 - KY10 月營收 4.12 億元月增 1.54%，年增 82.88%，推升前 10 月營收達 34.52 億元。,['材料-KY'],7a829e76-2d24-4665-91ce-23bc931cc3cb
聯電10月營收243億元 探6個月以來新低,"['聯電', '晶圓代工', '半導體']","晶圓代工廠聯電 (2303-TW)(UMC-US) 今 (7) 日公告 10 月營收 243.44 億元，受到客戶調整庫存，晶圓出貨量下滑影響，營收月減 3.47%，年增 27.07%，為近 6 個月以來新低；前 10 月累計營收 2352.14 億元，年增 35.91%。


聯電預估，第四季出貨量將下滑 1 成，毛利率則降至 41-43%，恐探今年低點，稼動率也下滑至 90%，法人預期，聯電第四季營收將季減 10%，中止連 12 季新高紀錄。


聯電指出，受通貨膨脹與俄烏戰爭影響，第四季預期將面臨需求疲弱逆風，其中智慧型手機、PC 客戶去化庫存速度較預期緩慢，影響 8 吋產能利用率，預估第四季除車用營收將延續第三季動能、維持雙位數成長外，電腦、消費性等應用營收將持續下滑。


聯電表示，手機、PC 客戶庫存去化估延續至明年上半年，何時告段落得觀察終端市場需求。",2022-11-07 15:53:08,1492,晶圓代工廠聯電 (2303-TW)(UMC-US) 今 (7) 日公告 10 月營收 243.44 億元，受到客戶調整庫存，晶圓出貨量下滑影響，營收月減 3.47%，年增 27.07%；前 10 月累計營收 2352.14 億元，年增 35.,"['聯電', '聯電']",3a9d7945-beee-4ab0-b2e1-e508e2d65fdf
桃機擬向轉機客收機場服務費 不超過500元,"['桃園機場', '轉機', '旅運量', '民航局']","我國邊境解封，入出境旅客人數已顯著成長，民航局長兼任桃園機場公司董事長林國顯今 (7) 日表示，旅運量預估 2025 年會恢復到疫情前的 8 成水準，桃機也將研議針對轉機旅客收取機場服務費，預計 3 個月內出爐，金額不會超過 500 元。       


林國顯今天前往立法院報告並備質詢，立委劉世芳問及，國境解封後，隨著旅運量回溫，機場清潔費、消毒費成本增加，而轉機客也會使用公共設施，會用到廁所及在機場飲食，未來是否考慮收取機場服務費？


對此，林國顯回應，過境旅客確實會使用機場設施，甚至增加疫情期間的防疫成本，因此會積極研議對轉機客收取機場服務費，方案預計 3 個月內出爐。


針對費用方面，林國顯表示，韓國等國家都有針對機場轉機客收取服務費，我國機場目前僅針對出境旅客收取 500 元機場服務費，轉機客入境後再出境，也同樣與出境旅客享受機場服務，因此會以 500 元為基礎考量，但應該不超過 500 元。


林國顯指出，桃機 2019 年的旅運量 4869 萬人次，預估今年底航網可以恢復到 3 分之 1，但全年旅運量仍不及疫情前的 1 成，明年樂觀預估可以回到 4、5 成，約 2000 多萬人次，若順利的話，2025 年可望重回疫情前的 80% 水準、約 3900 萬人次。


林國顯進一步說明，若再加上華航、長榮航空的積極新航點布局，明年的轉機客就可望恢復到 8 成。


根據交通部統計，今年 9 月平均每日入境人數 (含入境轉機) 約為 8500 人、10 月 13 日至 10 月底平均每日入境人數 (含入境轉機) 約為 1.4 萬人，成長幅度超過 6 成，其中外籍旅客來台，以越南、日本及泰國為大宗；而國人出國則以日本、美國、越南為主要目的地。",2022-11-07 15:55:32,1491,我國邊境解封，入出境旅客人數已顯著成長，但目前桃園機場並未向轉機旅客收取機場服務費，桃機公司董事長林國顯今 (7) 日表示，將研議針對轉機旅客收取機場服務費，辦法預計 3 個月內出爐,[],7cdcf4e3-86e4-4033-818f-7b11ebc899f1
【台股龍捲風】美期中選舉+CPI公布前，3454晶睿、8033雷虎已大漲一波，連股本373億的1605華新都強賺漲停，接下來? .,"['趨勢分析', '徐照興', '台股龍捲風', '台股', '永誠投顧', '美期中選舉', 'CPI']","行情如上周 FB 貼文所說，代表美股恐慌性指數的 VIX 根本沒漲，美股預期【回檔修正再攻高機率大】果不其然，美股周五出現盤中 V 型反轉，而台股在加權日 KD 黃金交叉下，就是持續上攻！ (有興趣讀者可自行參加) 
https://www.facebook.com/groups/istock168


接下來大家所擔心的肯定是【美期中選舉】及【大魔王 CPI】，但事實上是在大家擔心之際【興興之火可以燎原】繼 3454 晶睿及 8033 雷虎後，今【鎳漲價概念股】華新 (1605-TW) 也在盤中點火後出現大漲，而一切的一切，盤中即時叮嚀都有，凡走過必留下痕跡，可自行加入 TG: 
https://t.me/imoney168 


費半週五漲 4.6%，日月光 ADR+7.74%，台積電 ADR+3.65%，聯電 + 6.12%，二線主流 + 股本較小的個股還是比較活潑，而 #矽智財個股: 如我們文章所料上周 #金麗科 (3228-TW) 已上漲 35.43% 今續漲 3.19%， #創意 (3443-TW) 本周上漲 15.62%，今續漲 5.69%，晶心科 (6533-TW) 本周上漲 13.55%，今續漲 2.09%，而世芯 (3661-TW) 在美系外資出具最新研究報告下出現漲停。


比較可惜的是台積電大聯盟的光罩 (2338-TW) 及精材 (3374-TW) 出現大跌，而週五大利空的義隆 (2458-TW) 今大漲，週五市場一片掌聲【MCU 廠 Microchip 財報讚】的新唐 (4919-TW)，今卻出現大跌，代表數雖漲，沒有一點操作邏輯，還是容易落入主力陷阱中！


指數都已經從 18619 大跌至 12629，跌快 6000 點了，這裡買股，成本比【勞退基金】【國安基金還低】，而根據【龍捲風操盤術】: 日線找買賣點，周線看波段，月線看趨勢下，台股如預期就是 13000 點以下打底，很多過去只做多不做空的人在 10 月 11 日國慶日後下定決心後放空，最近又被軋空了，這裡雖然多空都能賺 (個股表現)，但千萬不要忽多乎空，應該低買高賣，或是彈高接進壓力再空，遇美股急跌再補，所有文章都可搜尋「徐照興鉅亨網」新聞，而動態影音檔，可當連續每日收看: 
https://youtu.be/GEOO69WHClE


【印證】


大盤依舊沒量，輪動速度快，今漲到傳產的台船 (2208-TW)、第一銅 (2009-TW) 安控的奇偶 (3356-TW)、哲固 (3434-TW) 板卡的承啟 (2425-TW)、撼訊 (6150-TW)、麗臺 (2465-TW)、青雲 (5386-TW) 映泰 (2399-TW)，想要【守株待兔】的不妨留意 #車用: 新盛力 (4931-TW) 本波最強，上周上漲 27.94% 今續漲軋空 (由於漲多，停利需設好)，再來就是長園科 (8038-TW) 上周上漲 16.47% 建碁 (3046-TW) 上周上漲 28.62% 以上三檔漲多震盪，手中沒有的不用追，可當指標股觀察，接下來仍可留意建準 (2421-TW)、亞光 (3019-TW)、朋程 (8255-TW)、立凱 (5227-TW)、胡連 (6279-TW)、台半 (5425-TW)、系統電 (5309-TW)、帝寶 (6605-TW)、貿聯 (3665-TW)、麗清 (3346-TW)、怡利電 (2497-TW) 等震盪皆可開始留意！


★★當指數上來後，好的潛力股就可趁震盪後布局，資料全放在官方 #龍捲風操盤戰隊徐照興 TG: 
https://t.me/imoney168


★10 月份大家辛苦了


11 月份很有看頭，全新陣容 11 月 1 日上線


盤中即時解盤不馬後炮: TG：
https://t.me/imoney168


所有文章分類可來 FB 社團：
 https://www.facebook.com/groups/istock168


整體操作及個股問題可加 LINE:


https://line.me/R/ti/p/%40laz1344x




《此為龍捲風操盤戰隊內部研究報告，轉載務必註明出處，投資人須審慎評估自身可承擔風險，盈虧自負》",2022-11-07 15:56:38,1490,無摘要,"['麗臺', '創意', '晶心科', '世芯-KY', '光罩', '精材', '義隆', '新唐', '台船', '第一銅', '奇偶', '哲固', '承啟', '撼訊', '映泰', '青雲', '華新', '新盛力', '長園科', '\ufeff建碁', '建準', '亞光', '朋程', '立凱-KY', '胡連', '台半', '系統電', '帝寶', '貿聯-KY', '麗清', '金麗科', '怡利電']",b56be5aa-dc67-42a3-a939-c74cac4ed3af
長榮、陽明、萬海；裕民、慧洋、四維航，哪邊強？,"['趨勢分析', '楊惠宇', '永誠投顧', '台股', '航運', '貨櫃航運']","11 月份聯準會議結束，鮑爾的基準利率提升說法引起美股下挫，但隨即隔天又反彈，美國 10 月非農就業及失業率皆高於預期，非農就業月增、失業率的差別在於前者觀察短期、後者則代表長期，換句話說未來經濟長期呈衰退狀態。


今年以來美股己升息 15 碼也就是 3.75% 幅度，目前資金利率己來到 3.75%～4%，若 12 月再升息 2 碼則來到 4.25%~4.5%，以明年升息到 5% 來算，等於明年再升兩碼就會停止，或許基準利率會再調高，但預估幅度也不致於太大，只是降息的時間會延長，換句話說【最壞狀況己過】，全球明年要面臨的是【景氣問題】。


航運股做為去年的熱門題材，今年股價跌落谷底，這主要因為疫情的塞港題材已經完全緩解，包括歐陸、美國等西方國家，已經進入「疫情共存」的防疫態度，而東方大國比如中國雖然還是以「阻絕疫情」為主要的對抗策略，但也已經陸續解除封鎖，說明東方人對疫情的恐慌也在緩解，整體而言新冠肺炎的巔峰期已過，進入後疫情時代。


那麼【航運股】接下來的表現會如何呢？以長線而言，營運逐漸衰退基本上可說是必然的，以長榮為例，今年六、七月營收創下高峰，隨即就出現【月減】的狀態，說明高峰期已過。


而根據各大法人的估計，包括萬海 (2615-TW)、陽明(2609-TW) 明年都可能由盈轉虧，這也意味著不管它們今年賺多少錢，都沒有長線的前景性，甚至因為明年的獲利大幅下滑，公司也可能大砍股利甚至是不發股利，讓基本的股利保障性也出現問題。


那麼，被貨櫃航運股套牢的投資人又該怎麼辦呢？這邊必須先認清一個比較殘酷的事實，那就是套在太高的人（比如說陽明 150 以上）基本上很難期待它回到這個價位，而套的稍高的人（比如說陽明 100 元左右），其實大可以不用急著出掉。


一方面來說，貨櫃航運到這個位階跌幅已經非常深，即使明年可能獲利方面轉虧，但貨櫃航運也已經讓市場看到它的「可能性」，未來底部將會拉高，不太容易回到疫情前的最低位階。


而【散裝航運】族群，現在則相較貨運族群更有氣勢，主要是先前俄烏戰爭問題導致穀物及鐵礦砂需求大增，在第三季載運需求也在持續，帶動海岬型船平均日租金走高，BCI 指數也有出現漲高的情形，包括裕民 (2606-TW)、慧洋(2637-TW)、四維航(5608-TW) 近期股價都在落低後有所回升，雖然整體族群未來也會像貨櫃航運一樣慢慢走弱，但短期動能又較貨櫃航運股更強，也是投資人可以參考的標的。


結論而言，未來三年沒有出現特殊狀況的話，是可以看見航運股漸漸回歸往年正常的營運，但要說短期的話，其實股價多半已經完成築底，就算再跌也不會跌到哪裡去，反而可以靠著大盤近期的氣勢反彈，成為另一種【跌深反彈】的短線族群，唯一要注意的是，不管是貨櫃航運還是散裝航運，老師這邊都不建議長線持有。


由於字數有限，更多台股產業最全面、最完整的解析，我都會持續在 LINE 還有每週週報裡提及，週報每個禮拜都會有更進一步的解析，投資人想免費索取請加 LINE︰@588vip 並留言「週報 + 1」。


專人諮詢服務｜02-25415555


LINE ID｜
https://lin.ee/cFL6Qcs


FB｜
https://bit.ly/3F3elUD


Youtube｜
https://bit.ly/3mYYyPL


諮詢表單｜
https://forms.gle/QZYzCJFe5445ZB8W7




本公司所推薦分析之個別有價證券

無不當之財務利益關係 以往之績效不保證未來獲利

投資人應獨立判斷 審慎評估並自負投資風險",2022-11-07 16:00:54,1489,無摘要,"['萬海', '陽明', '裕民', '慧洋-KY', '四維航']",c1a69ba0-f27f-4c86-92f5-a7f992baa5bf
健喬10月營收雙增 前10月衝上35.3億元雙創新猷,"['健喬', '愛克痰', '學名藥']","健喬 (4114-TW) 今 (7) 日公告營收，進入製藥旺季、用藥人數增加，推升 10 月營收達 4 億元，月增 6%、年增 42%；累計前 10 月營收 35.31 億元，年增 36%，單月、累計營收雙創新猷。


健喬說明，隨著天氣逐漸變冷，用藥需求增加，包括 BA5 和流感雙重效應造成呼吸道感染患者明顯增加，帶動醫療機構處方藥與藥局指示用藥需求提升，其中，愛克痰發泡錠 10 月出貨量年增 86%、小鳥包顆粒劑年增 238%。


健喬補充，愛克痰發泡錠劑型是處方藥，只能透過醫師開立後取得，一般民眾無法在藥局通路購買；小鳥包顆粒劑型則為指示用藥，除了透過醫院及診所醫師開立處方以外，消費者也至藥局通路自費購買。


健喬表示，愛克痰已經成為醫生與消費者的信賴品牌，帶動銷售持續增加，此外，進入製藥產業旺季，預期動能將延續至明年第一季，營收有望續攀高。


展望明年，健喬愛克痰將在中國啟動銷售，由於當地僅有一家原廠與一家學名藥廠供應藥品，其用藥甫納入當地醫保 (如台灣健保)，因此年產值規模僅 6 億元、年需求量 4500 萬顆，預期產值仍有成長空間，有望進一步帶動毛利率成長。",2022-11-07 16:07:06,1488,健喬 (4114-TW) 今 (7) 日公告營收，進入製藥旺季、用藥人數增加，推升 10 月營收達 4 億元，月增 6%、年增 42%；累計前 10 月營收 35.31 億元，年增 36%，單月、累計營收雙創新猷。,['健喬'],eb2f56c2-dffc-4aa1-9f73-72f7372bb4ca
永豐銀2023徵才搶先鳴槍 瞄準學士專屬PA計畫,"['永豐金', '永豐銀', '徵才', 'PA']","永豐金 (2890-TW) 旗下永豐銀行今 (7) 日宣布，2023 年徵才鳴槍起跑，首波推出專屬學士 PA 甄選培育計畫，預定明年農曆年節後報到，展開為期一年的多元培訓。永豐銀行指出，自即日起至 11 月底為止，廣邀國內、外各大專院校學士加入首屆 PA 計畫。


永豐銀行人資長廖家宏表示，少子化促使企業必須更積極尋求人才，永豐領先國內金融同業，鎖定優秀學士，PA 招募鎖定國內、外學士、不限科系，凡是 TOEIC 成績 800 分以上及工作經驗 2 年以內者，且對於金融業行銷活動企劃、數位流程規劃、資料探索分析與結構建置有興趣者皆可參加甄選。


廖家宏進一步表示，一旦錄取後，將從銀行基礎訓練至定崗單位，強化專業能力並透過跨領域的輪調，磨練 12 個月扎實完整培訓規劃，以養成年輕優秀的專業高階人才。",2022-11-07 16:07:25,1487,永豐銀 2023 徵才鳴槍 瞄準學士專屬 PA 計畫,['永豐金'],14ac076d-30dc-477d-9b30-424f581bb0a7
〈台製衛星上太空〉獵風者衛星預計明年3月發射 力拚取得飛行履歷,"['衛星', '國科會', '獵風者衛星', '太空中心']","台灣太空產業進入發展元年，行政院長蘇貞昌今 (7) 日親赴太空中心視察我國自製衛星獵風者衛星 TRITON，目前已完成各種動態測試，預計 11 月底前完成最後的全功能測試，待明年 1 月初通過運送前審查會議後，將在 3 月中旬搭乘法國亞利安太空公司 (Arianespace) 的織女星 C 型 (VEGA C) 火箭發射升空，將有利相關零組件取得飛行履歷 (Flight Heritage)。


國科會表示，獵風者衛星在 2014 年完成初步設計、2015 年完成關鍵設計、2017 年開始組裝，至今年 7 月組裝完成後，開始進行各種測試，而獵風者衛星也是繼福衛五號後，第二顆由台灣自製的衛星，整顆衛星包含酬載共有約 82% 由台灣研發製造。


蘇貞昌指出，全球目前只有 9 個國家有能力自行發射火箭，雖然台灣並不包含在內，但台灣具備自製火箭、衛星的能量，透過結合半導體、資通訊、精密機械等頂尖力量，不敢說後來居上，但可望同步前進，在行政院長任內，也核定太空計畫第三期，並通過太空法案設立太空中心等，期望台灣能在太空領域中佔有一席之地。


國科會主委吳政忠強調，今年是台灣太空產業的元年，雖然研究從 1991 年就開始，但過去 30 年主要都是技術、人才的培育，而觀察國際太空產業也是這兩年才快速成長，台灣也陸續完成太空發展法施行、太空中心行政法人確立、短期科研火箭試射等，力拚追上全球腳步。


吳政忠說，相比福衛五號主要用於拍照，獵風者衛星將主要用於氣象，若後續台灣進一步打造通訊衛星，可望建構更完整的衛星產業鏈，而這次獵風者衛星自製比例高達 82%，升空後將可望驗證 10 項台灣自行研發的關鍵元件與技術，在取得飛行履歷後，有助台灣太空產業鏈進軍國際。


國科會 7 月就舉行獵風者 TRITON 衛星任務說明會，國科會當時表示，獵風者衛星採用台灣自主設計的 10 項關鍵元件與技術，包含衛星電腦、電力控制、光纖陀螺儀、導航接收機等，除中科院、工研院外，包含芳興科技、漢翔 (2634-TW)、公準 (3178-TW)、凌群 (2453-TW)、新鼎 (5209-TW)、國眾 (5410-TW)、卓越 (2496-TW)、華泰 (2329-TW) 等也參與其中。",2022-11-07 16:07:55,1486,台灣太空產業進入發展元年，行政院長蘇貞昌今 (7) 日親赴太空中心視察我國自製衛星獵風者衛星 TRITON，目前已完成各種動態測試，預計 11 月底前完成最後的全功能測試，待明年 1 月初通過運送前審查會議後，將在 3 月中旬發射,"['漢翔', '公準', '凌群', '新鼎', '國眾', '卓越', '華泰']",d5039c89-d4cf-4412-9236-1b5d6d2405a1
股匯齊揚 聚焦財報績優股,"['趨勢分析', '華冠投顧', '陳秀芳', '台積電', '聯發科', '撼訊', '承啟', '麗臺', '映泰', '台船', '正德', '陽明', '長榮', '萬海', 'OTC', 'CPI']","低檔行情正開始啟動，「沒有好好選股 哪裡會來飆股」活動~ 手刀把握機會參加!!


https://www.hwa-guan.com.tw/OUT_EVENT/CFORM.ASP?WF_id=100779


上週五美股四大指數大漲，其中費半上漲 4.60%，今日台股亦隨著美股、亞股走勢，開高震盪走高，電子權值股回神，台積電 (2330-TW)、聯發科(2454-TW) 漲幅 2.09%、3.85%，其中台積電 (2330-TW) 貢獻大盤點數 68.39 點，終場大盤上漲 197.02 點，收在 13,223.73 點，成交量能超過 2,000 億。


今日台幣匯率升值來到 32.095 元附近，呈現股匯齊揚，從資金流向觀察，電子成交比重仍稍降，但仍在 6 成以上來到 63.94%、航運業成交比重增至 8.46%，今天漲幅較大的類股為電器電纜、玻璃陶瓷，漲幅 7.41%、2.69%；跌幅較大的族群為通信網路、建材營造，跌幅 0.7%、0.12%；從籌碼面觀察，外資終止連四日賣超，外資本日買超 92.04 億，投信連八日買超，投信本日買超 8.63 億。


華冠投顧 陳秀芳分析師從技術面觀察，月線明天將扣低至 13,100 左右，月線有機會走平轉撐，再加上今日量能達到月均量，有機會再延續漲勢。


今日盤面上漲勢較整齊的族群為板卡，受到超微新品上市的激勵，撼訊 (6150-TW)、承啟(2425-TW)、麗臺(2465-TW)、映泰(2399-TW) 同步收漲停，另外，航運股今日亦有買盤進駐，其中台船 (2208-TW)、正德(2641-TW) 漲停，而航運三雄陽明 (2609-TW)、長榮(2603-TW)、萬海(2615-TW) 亦有 1.8%~5.11% 的漲幅。


整體觀察，陳秀芳分析師表示現在 OTC 的走勢仍強過加權，中小型股買氣活絡，仍多屬個股表現，操作建議仍以財報表現優異以及產業展望佳的個股進行佈局；然而接下來 11/10 的美國 10 月 CPI 數據將公布，此事件為各方關注的焦點，屆時將影響全球股市的走勢。


文 / 華冠投顧分析師陳秀芳




就如秀芳所說的，好股是不會寂寞的，秀芳精選好股多檔蓄勢待發!! 想要知道口袋名單，最簡單的方式，歡迎加入 line@跟上腳步啦!!!


LINE@，手機點選連結直接加入 
https://supr.link/5Zv9N


LINE@ID：@hi888vip  (@也要打喔)",2022-11-07 16:10:38,1485,無摘要,[],97779bcc-ec6d-4fdb-86bf-5fad934922cc
旺宏10月營收月減近1成 力成探8個月低點,"['旺宏', '力成', '記憶體', '封測', '減產']","記憶體廠旺宏 (2337-TW) 、記憶體封測廠力成 (6239-TW) 今 (7) 日公告營收，由於客戶需求下滑，第四季同步減產因應，旺宏 10 月營收下滑至 37.3 億元，月減近 1 成，力成則是 66.14 億元，月減 0.72%，為近 8 個月低點。


旺宏 10 月營收 37.3 億元，月減 9.9%，年減 34.7%；前 10 月累計營收 381.4 億元，年減 8.6%。


旺宏指出，受需求下滑影響，第四季整體產能將減產 20-25%、影響毛利率，減產會延續到何時，得觀察後續經濟景氣狀況。


從各產品線來看，旺宏指出，下半年為傳統 ROM 需求旺季，第四季表現應該還是不錯；NOR Flash 近幾季需求下滑，但包括醫療、車用等高品質需求穩定，平均 ASP 持穩，有助推升獲利表現。


力成 10 月營收 66.14 億元，月減 0.72%，年減 12.74%；前 10 月累計營收 721.38 億元，年增 4.62%。


力成表示，為協助客戶去化庫存，將減產因應，第四季業績估持續下滑，但明年第一季可望落底反彈，預估今年營收將與去年持平，EPS 還是會成長。",2022-11-07 16:24:05,1484,記憶體廠旺宏 (2337-TW) 、記憶體封測廠力成 (6239-TW) 今 (7) 日公告營收，由於客戶需求下滑，第四季同步減產因應，旺宏 10 月營收下滑至 37.3 億元，月減近 1 成，力成則是 66.14 億元，月減 0.72%,"['旺宏', '力成']",753b7dae-278e-43ab-bb47-7a46b41b0a2d
臻鼎10月營收211.9億元改寫新高 年增29.86%,"['臻鼎', 'PCB', '蘋果']","蘋果供應鏈 PCB 廠臻鼎 - KY (4958-TW) 今 (7) 日公布 10 月營收，以 211.9 億元創新高，月增 4.53%，年增 29.86%，累計前 10 月營收 1396.44 億元，年增 21.54%。


臻鼎看好，第四季是手機與電腦消費新品出貨高峰，加上汽車和伺服器板新品投入量產，可望逐步挹注營運。


臻鼎強調，第四季客戶訂單能見度良好，然而目前供應鏈面臨的變數仍多，需持續觀察第四季市況，整體而言，公司仍繼續朝全年營收與純益都年增雙位數目標邁進。


臻鼎今年營運規模擴大，前三季賺回一股本，稅後純益 94.92 億元，年增 98.5%，每股純益 10.04 元。


另外，臻鼎的擴廠進度按計畫進行，明年有深圳首座 ABF 廠及淮安第三園區高階 HDI 廠加入量產，淮安第一園區硬板新產能明年開出後，將可有效緩解公司在高階汽車與伺服器板產能受限情形。另外，高雄園區廠房正在建置中，公司也規畫將先豐一廠改造為智能工廠。",2022-11-07 16:36:32,1483,蘋果供應鏈 PCB 廠臻鼎 - KY (4958-TW) 在今年前三季在營運規模擴大下，賺回一股本，稅後純益 94.92 億元，年增 98.5%，每股純益 10.04 元，臻鼎今 (7) 日公布 10 月營收以 211.9 億元創新高。,['臻鼎-KY'],37eb0b16-e944-4f42-9ab6-022dcdaa1bd9
「作帳行情」來助陣  反彈延續,"['賴昇楷', '華冠投顧', 'CPI', '長榮', '陽明', '聯發科', '聯電', '華經', '宜特', '愛地雅', '新盛力', '東碩', '晶睿', '健策', '昇銳', '趨勢分析']","10/27（四）大盤出現「內困三日翻紅」之Ｋ棒轉折型態，宣告台股反彈波正式啟動，而後雖於 11/3（四）遇到 Fed 表明「不會太快停止升息且終點利率將高於預期」之利空，華冠投顧 賴昇楷分析師觀察台股整體抗跌力道卻已明顯提升，不僅大盤面對利空的反應不若以往激烈，甚至內資控盤的 OTC 指數還能逆勢強攻，暗示影響台股將近一整年的各式利空似乎見到北風北的鈍化跡象。


今天 (11/7) 大盤跳空開高越過上周三 (11/2) 高點創下反彈波新高 13,246，成交量放大至 2,046 億同創反彈以來新高，價量同步出現表態動作顯示市場人氣加速回籠，終場大漲 + 197 點正式築出「頭肩底」底部型態，以中小股為主的 OTC 指數更不用說，帶量連六紅續漲 + 0.75%。


在成交量升溫背景下，今天台股百花齊放、類股齊揚，包括『半導體族群』聯發科 (2454-TW)、聯電 (2303-TW)、日月光投控 (3711-TW)、南亞科 (2408-TW)、『板卡族群』撼訊（6150-TW）、麗臺（2465-TW）、技嘉 (2376-TW)、『IP 及 ASIC 族群』世芯 - KY(3661-TW)、M31(6643-TW)、創意 (3443-TW)、『航運族群』長榮 (2603-TW)、陽明 (2609-TW)、萬海 (2615-TW)、四維航 (5608-TW)… 等皆有強攻表現，此外隨著愈來愈多個股線形結構逐漸改善，多頭可用之兵也在逐漸增加。


賴昇楷分析師表示雖然本周將有美國 CPI 數據揭露、FED 官員發表談話以及美國期中選舉等不確定性可能帶給短線漲多的台股一些壓力，但是本周大盤月線有望轉為上揚、周 KD 指標有望黃金交叉也讓反彈行情增添更強的支撐，況且年底逼近往往還有「法人與集團作帳行情」助陣，因此看好台股反彈仍將延續。


自台股啟動反彈波以來，賴昇凱分析師看好的大師兄（內資）歸隊將四處點火中小股，至今於盤後文章及節目持續追蹤的看好股已經冒出「19 個燈」。


包括『軟硬體系統整合廠』華經 (2468-TW) 連今天在內 4 個燈、『鋰電池模組』新盛力 (4931-TW) 4 個燈、『USB Type C 周邊裝置』東碩(3272-TW)4 個燈、『安控』晶睿(3454-TW)3 個燈、『電子檢測驗證』宜特(3289-TW)＆閎康(3587-TW) 共 2 個燈、『均熱片』健策(3653-TW)1 個燈、『車用』昇銳(3128-TW)1 個燈。


其餘如中期底部成型的『BIOS 程式碼開發設計』系微 (6231-TW)；因美國晶片禁令可望迎來轉單效應的『DRAM 製造廠』南亞科 (2408-TW)；各尺寸電視面板報價止跌反彈的『面板』群創 (3481-TW)、友達 (2409-TW)；海事、網通產品需求穩健且車用毫米波雷達布局也報捷的『電源供應器』環科 (2413-TW)；專注在利基型、高毛利的高速乙太網路 IC 領域且今年營收逆勢成長的『乙太網路 IC』九暘 (8040-TW)；『自行車代工』愛地雅 (8933-TW)；工業及汽車產品訂單能見度已達明年第二季的『油封元件』茂順 (9942-TW)；已打入寧德時代及比亞迪新能源車電池供應鏈的『二極體 & MOSFET』台半 (5425-TW)；受惠缺料緩解推升安控產品出貨及倒車影像系統出貨成長的『安控』昇銳 (3128-TW)；受惠面板龍頭廠建置新產能所需的前段製程 AOI 檢測設備採購大單出貨挹注及 Mini/Micro LED 產業起飛帶動高毛利的 AI 自動光學檢測設備出貨跳增的『AOI 設備』晶彩科 (3535-TW)… 等結構亦強，可持續追蹤留意。。


賴昇楷分析師特別針對幾檔作分析


《華經 (2468-TW)》：


(1) 受惠教育相關投影機大型專案出貨帶動，9 月營收 2.46 億，年增 52.4% 創今年新高，前三季獲利已逼近去年全年獲利總和。


(2) 第四季持續看好在金融業、政府、教育、醫療、物流倉儲等領域接單暢旺，在手專案飽滿，預期第四季營運保持穩健，估計今年營收、獲利有望挑戰近十年新高。


《宜特 (3289-TW)》：


(1)受惠 AI、伺服器、先進製程、車用電子等領域成長動能強勁，帶動材料分析 (MA)、故障分析(FA)、可靠度驗證(RA) 需求，推升 9 月(連續第 5 個月)、第三季、前三季營收通通創新高，全年稅後 EPS 挑戰 5 元。


(2)目前訂單能見度看到明年上半年，營收成長動能將延續至明年上半年。埔頂廠年底前材料分析 (MA) 產能將增加 30〜40%，明年因應需求提升仍會持續擴產。


《愛地雅 (8933-TW)》：


(1) 台灣第三大自行車組車廠，上半年稅後 EPS 0.56 元，遠優於去年同期 - 0.03 元。第三季受惠腳踏車、折疊車、登山車等訂單暢旺以及台幣貶值，8、9 月營收連續創歷史新高，推升單季營收來到 16.94 億，季增率 30.6%。


(2) 第四季新增北美與歐洲兩家新客戶，訂單也將開始出貨帶動營收繼續成長，並且挑戰改寫單季新高紀錄，預計全年營收將突破 60 億大關。




歡迎加入投資圈，掌握即時趨勢脈動及強弱勢股分析。


【Line@投資圈】手機加入連結：
 https://supr.link/NcFFI


  LINE ID 直接搜尋：@ace168",2022-11-07 16:38:06,1482,無摘要,[],b05ea276-54a3-47a9-90b6-59e9ff23d4fc
英業達10月營收502.93億元 連兩個月站穩500億元,"['英業達', '筆電', '代工', '組裝']","英業達 (2356-TW) 今 (7) 日公布 10 月營收，雖然較上月小幅滑落，達 502.93 億元，月減 1.32%、年增 5.11%，但仍連兩個月站穩 500 億元大關，累計今年前 10 月營收達 4572.87 億元、年增 8.99%。


出貨方面，英業達 10 月筆電出貨約 160 萬台，月減 5.88%、年減 11.11%，累計今年前 10 月筆電出貨達 1700 萬台，低於去年同期。


展望未來，英業達維持先前看法，預期第四季筆電出貨將較第三季季減接近 1 成，主要反映整體市場需求變化，至於伺服器、智慧裝置出貨則可望與第三季持平。


英業達也預計本周五 (11 日) 召開法說會，預期屆時將公布第三季財報，管理層也將進一步釋出第四季、明年展望，同時說明產業景氣、整體庫存狀況。",2022-11-07 16:41:24,1481,英業達 (2356-TW) 今 (7) 日公布 10 月營收，雖然較上月小幅滑落，達 502.93 億元，月減 1.32%、年增 5.11%，但仍連兩個月站穩 500 億元大關，累計今年前 10 月營收達 4572.87 億元、年增 8.99%。,['英業達'],aff1de69-9479-4c12-a3cd-98ae00570f07
〈聯強法說〉商用市場動能延續 Q4營收、本業獲利優於上季,"['聯強', '商用', '消費市場']","聯強 (2347-TW) 今 (7) 日召開法說，事業開發暨策略副總裁杜書全表示，雖然消費性市場持續疲弱，不過商用市場成長力道延續，預期第四季營收、本業獲利仍有望較上季小幅成長，但由於去年基期墊高，營收將呈現年減。


杜書全指出，去年第四季營收在消費性產品出貨暢旺下，單季營收登歷史新高，今年消費性市場大幅度衰退，另外，商用市場、半導體、通訊等則維持成長，預期本季營收會比去年同期衰退、毛利率維持 3-4% 水準。


展望明年，杜書全坦言，明年上半年會很有挑戰，原因在於市場變化速度快，消費性市場仍不穩定，明年下半年變動因素才會減緩，而明年成長動能會來自商用市場與半導體，預期明年全年營收將維持今年，或小幅成長。


聯強今日公告 10 月營收 366 億元，創同期新高，月減 9.1%、年增 9.3%；累計前 10 月營收 3497 億元，年增 10%，續改寫紀錄。


各產品線表現方面，商用加值業務再創同期新高，年增 24%、半導體業務動能持續強勁，連 6 個月創高，年增 16%、資訊消費業務雖然較去年同期微幅下滑 2%，但仍月增 6%、通訊業務因 iPhone 到貨量增加，月增 8%，不過年減 5%。


從各區域來看，中國與香港分別年增 29%、23%，其中香港達到同期新高；紐澳與台灣小幅下滑，印尼則因去年的高基期，年減雙位數。",2022-11-07 16:43:49,1480,聯強 (2347-TW) 今 (7) 日召開法說，事業開發暨策略副總裁杜書全表示，雖然消費性市場持續疲弱，不過商用市場成長力道延續，預期第四季營收、本業獲利仍有望較上季小幅成長，但因去年基期高，單季營收呈現年減。,['聯強'],182831f1-8eb0-461e-9f16-f237e7685624
上銀Q3 EPS 4.13元寫16季新高 前三季賺逾一股本,"['上銀', '工具機', '匯兌']","上銀 (2049-TW) 今 (7) 日公告第三季財報，受惠業外匯兌收益助攻，稅後純益達 14.27 億元，季增 16.4%，年增 5%，每股純益 4.13 元，寫近 16 季新高，前三季稅後純益年增 36.7%，每股純益 11.74 元。


上銀第三季營收 79.2 億元，季減 3.8%，年增 5.1%，毛利率 37.42%，季減 0.91 個百分點，年減 0.77 個百分點，營益率 21.08%，季減 1.3 個百分點，年減 1.64 個百分點；稅後純益 14.27 億元，季增 16.4%，年增 5.16%，每股純益 4.13 元。


上銀前三季累計營收 237.23 億元，年增 15.33%，毛利率 37.48%，年增 1.86 個百分點，營益率 21.38%，年增 2.18 個百分點；稅後純益 40.2 億元，年增 36.7%，每股純益 11.74 元。


上銀預期，第四季營收可能不如第三季，但全年還是會雙位數成長，雖然近來中國市場需求放緩，但歐美、日本地區接單都不錯。


上銀今日同步公告 10 月營收，受通膨、中國限電影響，營收下滑至 21.1 億元，月減 16%，年減 12.46%，近 10 個月低點；前 10 月累計營收 258.33 億元，年增 12.4%。",2022-11-07 16:49:34,1479,上銀 (2049-TW) 今 (7) 日公告第三季財報，受惠業外匯兌收益助攻，稅後純益達 14.27 億元，季增 16.4%，年增 5%，每股純益 4.13 元，寫近 16 季新高，前三季稅後純益年增 36.7%，每股純益 11.74 元。,['上銀'],553148a9-5e40-48f3-bac9-cdcd08a1e11a
〈佳世達法說〉陳其宏：第四季景氣更糟 明年最差的狀況「整年都不好」,"['佳世達', '陳其宏', '網通', '醫療', 'AIoT']","佳世達 (2352-TW) 今 (7) 日召開法說，董事長陳其宏表示，第四季景氣會比第三季糟糕，公司業績也將同步修正，明年來看，最好狀況是上半年落底，最差的情況整年都不好。


陳其宏表示，第四季顯示器等資訊產品還是比較辛苦，需求端明顯衰退，整體業績將較前季及去年同期下滑，明年來看，雖然業界普遍共識在上半年落底、下半年反彈，但如果屆時還看不到好轉，整體產業都要有過 2-3 年寒冬的準備。


陳其宏進一步指出，不只需求放緩，先前供應鏈不順卡住很多成品及原物料，導致面臨庫存調整，去化要快才能降低衝擊。以佳世達來看，目前工廠顯示器庫存約 17-18 天，還算正常，Hub 倉則有 70 天，較正常 55 天多出兩周，主要是海運因素，只要運輸狀況解決，就會回到比較健康的狀態。


雖然資訊產品需求較弱，但陳其宏表示，網通、醫療以及 AIoT 等三大高附加價值事業，第四季到明年成長性還是不錯，第三季高附加價值事業比重達 47%，第四季將提升到 50%，達到先前設定的目標。


此外，佳世達近年積極布局鏡頭，陳其宏透露，多年前就注意到這一塊，因為不管投影機還是工業、安控產品，都會用到鏡頭，這幾年綜效產生，在獲利上有幫助，未來併購合作策略也會朝上游關鍵零組件布局。


資本支出方面，佳世達越南廠建廠支出高峰落在過去 2-3 年，明年設備所需支出並不多，目前越南廠產能達蘇州廠一半以上，不只生產網通，還有顯示器、商業及工業商品、模組產品，因應中國銷美的關稅。",2022-11-07 17:02:00,1478,佳世達 (2352-TW) 今 (7) 日召開法說，董事長陳其宏表示，第四季景氣會比第三季糟糕，公司業績也將同步修正，明年來看，最好狀況是上半年落底，最差的情況整年都不好。,['佳世達'],f886b3af-de9b-4f29-a6ed-b94484294ad3
中國封控紛擾 郭明錤：明年鴻海印度iPhone產量增1.5倍,"['蘋果', 'iPhone', '鴻海', '中國', '鄭州', '封控', '印度']","天風國際分析師郭明錤近日表示，鴻海 (2317-TW) 經歷中國鄭州封控後，將加速擴大印度 iPhone 產能，預計明年印度產量將較今年成長 1.5 倍，中長期目標印度生產比重達 40-45%，未來數年印度產能將高速成長。


郭明錤表示，鴻海鄭州廠進入閉環生產後，原本 11-12 月季節性減產計畫將延後，蘋果也正與和碩、立訊討論將 iPhone 14、14 產線轉換成 14 Pro 與 14 Pro Max，立訊預計最快在明年第一季出貨 iPhone 14 Pro。


郭明錤認為，鴻海鄭州封控預計不會影響第四季 iPhone 出貨量，然而，為了因應中國動態清零政策，當地供應商必須學會提升封閉生產效率，此舉恐提升製造成本。


蘋果 (Apple)(AAPL-US) 今日也表示，雖然 iPhone 14 Pro 系列出貨量將低於預期，但需求維持強勁，另外，在當地政府和蘋果協助下，鴻海鄭州廠產能可望在 11 月下旬回到滿載。",2022-11-07 17:03:05,1477,天風國際分析師郭明錤近日表示，鴻海 (2317-TW) 在經歷中國鄭州封控後，將加速擴大印度 iPhone 產能，預計明年印度產量將較今年成長 1.5 倍，中長期目標印度生產比重達 40-45%，未來數年印度產能將高速成,"['鴻海', '蘋果']",983022d1-9e99-4b56-aae3-71f5984aac63
光洋科啟動雙軸轉型 宣示達淨零排放目標,"['光洋科', '轉型', '靶材', '淨零碳排']","靶材廠光洋科 (1785-TW) 今 (4) 日參加 TASS 2022 亞洲永續供應＋循環經濟會展，董事長黃啟峰指出，公司以數位轉型加零碳轉型的雙軸思維，全程掌握貴稀金屬回收過程碳足跡，以數位化工具與標準化流程，長期改善達到淨零排放的最終目標。


黃啟峰表示，循環經濟是屬於密閉循環，具備節碳效益，以光洋科回收貴金屬金的排碳係數來看，僅有原礦開採的 3.6%，回收貴金屬鉑的排碳係數更僅有原礦開採的 1.1%，隨著半導體製程使用的貴稀金屬回收製程，不僅可全程掌握碳足跡，也能大幅降低碳排係數。


黃啟峰指出，光洋科在業界有三個第一，分別是儲存媒體靶材、貴金屬靶材及貴稀金屬回收三領域，為帶領公司前往下階段，已啟動雙軸轉型，透過減碳降低成本的零碳思維，朝向全程淨零排放目標前進。


光洋科也基於積極數位轉型目標，擬定五大轉型策略，擴大規模、優化產品組合、卓越經營、技術升級與責任企業。


黃啟峰補充，光洋科先前已引進全球領先商業軟體企業之一的 SAP(思愛普軟體) 系統，期望透過 SAP 系統精準數據管理、優化管理系統，除了可達成聯合國 SDGs 當中的工業化、創新及基礎建設目標，也可有效減少成本，提升毛利率。",2022-11-07 17:03:23,1476,光洋科 (1785-TW) 今 (4) 日參加 TASS 2022 亞洲永續供應＋循環經濟會展，董事長黃啟峰指出，公司以數位轉型加零碳轉型的雙軸思維，全程掌握貴稀金屬回收過程碳足跡，以數位化工具與標準化流程，長期改善達到淨零排放的最,['光洋科'],a395f85e-7905-4dcc-bcd0-a17d94a62ad8
皇翔承接中和保二總隊公辦都更案今動工,"['皇翔', '都更', '中和']","上市建商皇翔 (2545-TW) 得標的新北中和保二總隊公辦都更案，今 (7) 日正式動土，基地面積 1 公頃，預計此公辦都更案將在 2027 年完工，此案為國家住都中心於新北市的公辦都更首案。


皇翔投入中和保二總隊公辦都更案資金約 82 億元，可分回 355 戶集合住宅銷售，目前規畫 2、3、4 房，規劃坪數約 20-42 坪。


新北市保二總隊公辦都更案將規畫興建警察合署辦公廳舍、467 戶社會住宅、355 戶集合住宅、7 戶店鋪及近 210 坪的公期托老中心等公益服務設施。


目前房市走疲造成各案場來客數變少，皇翔建設對 2023 年對房市看法偏於保守，目前確定推案只有新北永寧捷運站周邊建案，最快將在今年底推出。同時，皇翔公辦都更案會持續評估。",2022-11-07 17:04:33,1475,由上市建商皇翔 (2545-TW) 得標的新北中和保二總隊公辦都更案，今 (7) 日正式動土，基地面積達 1 公頃，預計此一公辦都更案將在 2027 年完工。此一案為國家住都中心於新北市的公辦都更首案。,['皇翔'],db9b00b1-e24e-42e3-afd1-58e3101ba5d1
視陽光學8日起競拍、底價138.84元 11/28掛牌上市,"['隱形眼鏡', '視陽光學', '矽水膠']","隱形眼鏡商視陽光學 (6782-TW) 將在 11 月 28 日轉上市，由元大證券擔任主辦承銷券商，本次新股現金增資上市將採溢價方式辦理，公開承銷股數採 80% 競價拍賣、競拍底價為 138.84 元，預計 11 月 8 日起至 11 月 10 日進行競價拍賣，依投標價格高者優先得標。


除競價拍賣外，視陽光學新股現金增資上市將有 20% 採申購配售，公開申購承銷價則以最低承銷價格 1.21 倍為上限，目前承銷價暫定 168 元。


視陽光學是在 1998 年成立，主要從事拋棄式軟性隱形眼鏡研發製造、銷售，總部位在桃園龜山，工廠則位於馬來西亞檳城，2009 年在新經營團隊入主後，切入自主矽水膠隱形眼鏡產品開發，並在日本擁有自有品牌 Refrear，目前是亞州第一大、全球第五大矽水膠隱形眼鏡製造商。


視陽光學主要股東包含偏光板廠明基材 (8215-TW)，持股比約 18%，為視陽光學目前單一最大股東，展望今年，視陽光學看好整體矽水膠市場前景，加上產能持續開出下，樂觀今年營收、獲利都可望再創新高。


產能規劃上，視陽光學馬來西亞檳城廠目前月產能約落在 3000 萬片，本季將進一步提升至 3300 萬片，同時也正趕工整建二廠，估年底完成無塵室建置後，明年第二季將再開出 500 萬片月產能，屆時檳城廠產能將上看 3800 萬片，較目前增加逾 2 成。",2022-11-07 17:15:03,1474,隱形眼鏡商視陽光學 (6782-TW) 將在 11 月 28 日轉上市，由元大證券擔任主辦承銷券商，本次新股現金增資上市將採溢價方式辦理，公開承銷股數採 80% 競價拍賣、競拍底價為 138.84 元，預計 11 月 8 日起至 11 月 10 日進行競標,"['視陽', '明基材']",c803cd24-b547-4acd-a092-84697043cbe0
瑞昱10月營收80.89億元 下探1年半新低,"['瑞昱', '網通晶片', 'PC', 'NB', '庫存調節', 'Wi-Fi 6']","網通晶片大廠瑞昱 (2379-TW) 今 (7) 日公布 10 月營收 80.89 億元，月減 15.6%，年減 10.19%，累計前 10 月營收 981.17 億元，年增 12.59%；由於 PC 供應鏈持續調節庫存，出貨力道明顯趨緩，10 月營收跌破 90 億元，也下探 1 年半來新低。


瑞昱指出，消費市場疲弱現象超過一年，PC 第四季展望不好，通膨等影響也無好轉跡象，儘管網通、車用需求好，但全球不確定性因素壟罩，年底前客戶展望都趨保守，希望明年市場能有改善。


細分各產品線，瑞昱乙太網路晶片因為 PC、NB 需求下滑，客戶持續調整庫存，第三季銷售額下滑，並預計該情況將延續到第四季，明年則可望恢復成長。


展望明年，瑞昱認為，儘管短期遇逆境，不過持續看到市場對於速度快、低功耗、易管理使用的解決方案，以及規格提升有需求，尤其是網通領域、乙太網路與控制晶片等，將推動明年營收成長，毛利率也可望高於疫情前區間。",2022-11-07 17:15:16,1473,網通晶片大廠瑞昱 (2379-TW) 今 (7) 日公布 10 月營收 80.89 億元，月減 15.6%，年減 10.19%，累計前 10 月營收 981.17 億元，年增 12.59%；由於 PC 供應鏈持續調節庫存，出貨力道明顯趨緩，10 月營收跌破,['瑞昱'],75e2edfd-12a4-43eb-a919-51667daade2a
美國期中選舉、CPI數據公布在即，美股盤前三大指數期貨齊跌!,"['趨勢分析', '永豐金證券', '美股', '動視報雪']","一、美股期指盤前表現 (台北時間下午 4 點)：


■道瓊指數：下跌 141 點，跌幅 -0.43% 至 32287。


■那斯達克 100 指數：下跌 72.25，跌幅 -0.66% 至 10818.00。


■標普 500 指數：下跌 20.00，跌幅 -0.53% 至 3759.50。


【今日總經數據】今日下午歐洲央行總裁拉加德將發表談話、歐盟將召開歐盟議會。


上週確定的 FOMC 會議與記者會徹底把原先存在的反彈可能性徹底消滅。鮑威爾的極鷹派發言讓市場重新義是到誰才是真正的主事人。FED 的確有考慮放緩升息，但絕不可能停止升息，現在重點已經不是升多快，而是多高、多久。通膨是一切的核心，更是這次美國大選的重點。那到底美國期中大選有什麼值得注意的呢？


美國期中選舉又被稱為美國總統與執政黨的期中考。期中選舉跟總統大選一樣都是四年一次，而且剛好相隔兩年，多半都是在十一月進行選舉，美國總統有幾個重要衡量時間，分別是：百日施政、就職周年以及期中選舉。期中選舉則又與下一次的總統大選息息相關。


(延伸推薦閱讀：美國期中大選是什麼？期中大選結果預測與對市場的影響分析)


二、美股盤前關注重點：動視報雪季報


動視報雪將於今晚盤後發布 Q3 季報，本次季報仍將聚焦在微軟於年初宣布的以 69B 美金收購動視報雪的進展。今年年初，微軟表示將以 690 億美元的現金收購遊戲大廠動視爆雪。此除了創下微軟史上最大的收購案，也可強化微軟與騰訊和索尼在遊戲產業間的競爭地位。


據歐盟先前提交的文件顯示，歐盟反壟斷機構將在 11 月 8 日前，決定是否批准微軟以 690 億美元收購動視報雪。近期微軟執行長 Satya Nadella 表示，目前歐盟委員會正按預定時間、流程進行審查，因此有信心能夠在 2023 年完成交易。目前市場預期動視報雪第三季季度收如為 1.71B (YOY+9%)，EPS 為 0.5 美元 (YOY -30.6%)。


震盪時局的延伸推薦閱讀：


1. 
抗震！必需性消費類股 ETF 介紹 (以 XLP 為例)：


https://sinourl.tw/CIH9Io


2.
 
 美股 ETF 怎麼選？投資人最愛的 TOP8 美股：
https://sinourl.tw/e5Y8Vu


3. 給小資族的證券開戶建議：交割戶、交易成本申辦注意要點：


https://sinourl.tw/0IVlvn",2022-11-07 17:18:08,1472,無摘要,[],88ac95d7-7204-4185-bdd3-d0897090138e
〈聯強法說〉年底恐面臨上游塞貨 庫存水位明年Q2恢復正常,"['聯強', '庫存', 'PC']","聯強 (2347-TW) 今 (7) 日召開法說，事業開發暨策略副總裁杜書全表示，第四季雖然受惠中國雙 11 帶動，加速庫存去化，不過年底會面臨上游客戶塞貨，預期第四季庫存天數僅小幅降低，明年第二季才會回到正常、健康水位。


聯強第三季庫存天數 87 天，比第二季增加兩天，杜書全解釋，比重最高的是 PC、NB，另外商用加值業務因網路產品沒有完全到貨，加上大型專案時程遞延，導致成品難以出貨，整體庫存天數增加。


杜書全表示，商用加值的大型標案，因生產端出現問題，包括高階交換器、無線網路、資安等相關網路產品持續有缺貨，預計年底有機會好轉、滿足客戶需求，同時推升業績走揚。


杜書全指出，10 月的庫存天數已經下降，主要是反映中國雙 11 提前開始消化庫存；另一方面，上游客戶為了達成業務指標，公司處於中間供應鏈必須承受塞貨壓力，不過目前無法預測塞貨量，整體第四季庫存仍會比第三季下降。


他認為，明年第一季需要消化年底的塞貨庫存，預計庫存天數有望降至 50 天左右，第二季則有機會恢復至健康水位，約 45-50 天。


至於終端 PC、NB 銷售策略方面，杜書全說，有些市場祭出削價競爭，仍無法刺激銷售，只能積極強化市場涵蓋率，而可以透過降價提升銷售的市場，目前產品降幅達 10-15%。",2022-11-07 17:22:17,1471,聯強 (2347-TW) 今 (7) 日召開法說，事業開發暨策略副總裁杜書全表示，第四季庫存雖然受惠中國雙 11 帶動，加速庫存去化，不過年底會面臨上游客戶塞貨，預期第四季庫存天數僅小幅降低，明年第二季才會回到正常、健康水位。,['聯強'],d7d835a6-e6d0-4221-967a-2b7d44f7353e
外資買超鎖定電金權值股、倒貨航空雙雄,"['台股', '外資', '投信', '自營商', '三大法人', '航空雙雄']","台股今 (7) 日強漲 197.02 點，收在 13223.73 點。三大法人久違同步買超，其中，外資中止連四賣，買超鎖定電子金融權值股，但倒貨航空雙雄。


三大法人中，自營商買超 5.18 億元、已是連二買，投信買超 8.63 億元、更高達連八買，外資則轉向大舉買超 92.03 億元。


外資買超前 10 名個股中，聯電 2.7 萬張、華新 2.02 萬張、宏碁 1.34 萬張、日月光投控 1.16 萬張、旺宏 1.02 萬張，其餘依序為：臺企銀、元大台灣 50 反 1、大成鋼、新光金、萬海。


值得一提的是，台積電、南亞、開發金、三商壽、永豐金、兆豐金、台新金等，雖然未入列前 10 名，但也都獲外資買超，顯見外資回歸電子、金融懷抱。


外資賣超前 10 名部分，華航 1.53 萬張、鴻海 1.4 萬張、長榮航 1.22 萬張，其餘依序為富邦越南、群創、華通、欣興、高端疫苗、中鼎、元大高股息。


投信買超前 10 名個股為：技嘉、聯電、欣興、中美晶、創意、遠東新、東科 - KY、南亞科、中信金、金居。


投信賣超前 10 名個股為：新盛力、寶齡富錦、國泰股利精選、中鼎、元晶、鴻海、精材、中鋼、臻鼎 - KY、亞泥。


自營商買超前 10 名個股：元大台灣 50 反 1 獲買超 3.66 萬張、群益台灣精選高息 1.72 萬張、富邦 NASDAQ 反 1 獲買超 1.4 萬張，其餘依序為：LFH 香港正 2、國泰臺灣加權反 1、華新、期街口布蘭特正 2、富邦臺灣加權反 1、聯電、中信電池及儲能。


自營商賣超前 10 名個股中，期元大 S&P 原油反 1 遭賣 2.11 萬張、國泰永續高股息 1.68 萬張，為「唯二」賣超，其餘依序為：富邦越南、國泰美國道瓊反 1、元大美債 20 年、富邦台 50、元大高股息、長榮航、富邦恒生國企正 2、中信高評級公司債。",2022-11-07 17:30:22,1470,外資買超鎖定電金權值股、倒貨航空雙雄,[],de0b392e-5a48-4746-9608-ccb229c4b0bf
桃園蓋北台首座再生水廠 2024年6月逐步供水高科技業,"['桃園', '再生水', '高科技', '供水']","桃園北區水資源回收中心再生水 BTO 計畫今 (7) 日舉行開工動土典禮，桃市府指出，全期完成後每日可供應 11.2 萬噸再生水，預計 2024 年 6 月起逐步供水，目前已確認 6 個用水單位，包含中油、亞東石化、南亞 (1303-TW)、台灣美光、穩懋半導體 (3105-TW) 及華亞園區等高科技業將率先接管使用。


桃園市長鄭文燦說明，北區水資中心污水處理量最高每日可達 20 萬噸，未來利用水資中心處理後符合水質標準之放流水，透過 UF 與 RO 系統再次處理製成再生水，後經由輸水管線輸送至用水端作為工業製程用水，再加上企業內部的純化系統，經過三道處理的再生水水質，將可達純水標準。


此再生水處理廠基地面積約 2.5 公頃，第一期經費約 48 億元，由內政部營建署補助 88%。鄭文燦指出，未來桃園將有 3 座再生水廠，分別位於 A7 站水資中心、北區水資中心及南區水資中心，希望更多高科技、半導體產業加入再生水使用行列，共同落實循環經濟。


桃園水務局長劉振宇表示，此再生水計畫為北台灣首座且最大規模，去年 9 月依促參法公告上網，最終由日勝生與中鼎集團以「日勝生中鼎企業聯盟」獲選最優申請人。


桃園北區水資源回收中心再生水 BTO 計畫於今年 6 月 15 日辦理用地交付並起算興建期，規劃興建期 3 年、營運期 15 年，總特許年限計 18 年。預計於 2024 年 6 月供水 1 萬噸給桃園煉油廠、2025 年 6 月供應至觀音工業區及南亞塑膠錦興廠等用水端作為工業製程用水。",2022-11-07 17:45:51,1469,桃園北區水資源回收中心再生水 BTO 計畫今 (7) 日舉行開工動土典禮，桃市府指出，第一期經費約 48 億元，由內政部營建署補助 88%，全期完成後每日可供應 11.2 萬噸再生水，預計 2024 年 6 月起逐步供水,"['南亞', '穩懋']",00944e71-95b3-4496-9bdb-f827058edf72
什麼股票會漲？！具備碗公底股票條件的都在這裡！,"['趨勢分析', '摩爾投顧', '江國中', '點股成金', '台股']","上過江江技術分析的學員都知道，碗公底的股票一定會漲，學員就問：老師到底要多大碗股票才會發動，碗部型態有小碗、中碗、大碗、頭肩底碗……… 總而言之先站穩月線就會挑戰季線，突破季線站穩就會整理後再創新高。


話不多說，有那些股票具備碗公底的條件：鼎天
 (3306-TW)
、撼訊
 (6150-TW)
、映泰
 (2399-TW)
、華榮
 (1608-TW)
、和成
 (1810-TW)
、金居
 (8358-TW)
、偉詮電
 (2436-TW)
、智原
 (3035-TW)
、麗臺
 (2465-TW)
、第一銅
 (2009-TW)
、華新
 (1605-TW)
… 其實蠻多的，只要用對方法再搭配行情，其實找到會漲的股票很容易。


可是大部分的人會碰過一種狀況，買到假碗公底的股票像高端疫苗
 (6547-TW)
、鴻海
 (2317-TW)
、啟發電
 (6512-TW)
、精材
 (3374-TW)
、大同
 (2371-TW)
、和碩
 (4938-TW)
、光環
 (3234-TW)
、廣運
 (6125-TW)
、泰福
 -KY(6541-TW)
、華通
 (2313-TW)
、寶一
 (8222-TW)
… 等


智原
 (3035-TW)
：這家公司消費性／
PC
 占營收不到
 8%
，受景氣影響極小，而且
 IP
 產業成長動能明確，第四季
 NRE
 拼創歷史新高，※全年營運可望呈現季季高，今年拚賺一股本。


偉詮電
 (2436-TW)
：主要是快充控制
 IC
，順利打入歐美、中國供應鏈，而且全球
 USB PD
 主要供應商，庫存去化改善，
Q4
 營運可望回溫，有望受惠蘋果允採
 Type-c
；
ADAS
 佈局發開結果。


金居
 (8358-TW)
：由於庫存調整告一段落，第四季營運重回成長，並且
 AMD Genoa 12
 月出貨
 Intel 
新品預計明年
 1
 月出貨，以及兩大
 CPU
 新平台雙箭
 Q4
 起逐季成長可期。


最後提醒短線急漲太高的股票，也會淪為被市場主力首要倒貨主角，尤其有蠻多股票都已被公司派及投信倒貨，而上漲滿足點必須按照個股時間周期來計算，想了解未來更多底部型態完整，已打底完成主升段個股、具潛力產業優值股、全面籌碼動向，個股連動族群輪動及盤勢轉折與國際情勢可密切鎖定
 Line@
粉絲團，有套牢股不曉得該如何處理，也可以一併諮詢，江江與團隊都會盡全力幫忙，希望能夠減輕長期套牢沉重負擔。


***************************************************


更多產業趨勢報告
 + 
盤中訊息→請加入江江
 TG
：
https://t.me/win58899


有持股問題或想要飆股→請加入江江
 Line @
：
https://lin.ee/vTaRqlQ


江江的
 Youtube
【點股成金】解盤：
https://reurl.cc/02drMk


***************************************************


本公司所推薦分析之個別有價證券
 
無不當之財務利益關係
 
以往之績效不保證未來獲利
 
投資人應獨立判斷
 
審慎評估並自負投資風險",2022-11-07 17:50:02,1468,無摘要,"['鼎天', '高端疫苗', '華榮', '和成', '金居', '偉詮電', '智原', '麗臺', '第一銅', '華新', '鴻海', '撼訊', '啟發電', '精材', '大同', '和碩', '光環', '廣運', '泰福-KY', '華通', '映泰', '寶一']",52fdfcf2-84bb-4e14-9a29-3c6289e9ee3c
威剛10月營收月減15% 將衝刺年底旺季,"['威剛', '記憶體', '模組']","記憶體模組大廠威剛 (3260-TW) 今 (7) 日公告 10 月營收 27.2 億元，月減 15.5%，年減 18.24%；前 10 月累計營收 300.8 億元，年減 8.11%。威剛表示，記憶體供應鏈雖仍有庫存去化與合約價格小幅下滑壓力，但公司第三季庫存已調節至相對安全水位，無高價庫存壓力，將把握年底旺季、衝刺營運。


威剛表示，目前仍維持先前對記憶體市況看法，雖然本季 DRAM 與 NAND 合約價持續下探，但 DRAM 現貨價走跌幅度有限，加上多家記憶體原廠面臨獲利保衛戰，紛紛宣布調降明年資本支出及放緩製程微縮腳步，預期前三大原廠將會優先守住 DRAM 價格，可望使市況逐步迎來正向循環。


面對全球通膨與能源問題不斷升高，恐衝擊消費性支出，威剛也做好 2023 年全面應戰計畫。董事長陳立白強調，旗下高毛利率事業「工控」、「電競品牌 XPG 暨電競週邊」、「動力系統與電動三輪車」三大產品線，明年出貨量將較今年明顯成長。


威剛目前工控客戶遍布全球，隨著客戶應用領域不斷擴增，加上處理器平台換新潮，將持續推出新一代 PCIe 介面 SSD 與工業級 DDR5 記憶體模組。


動力系統與電動車方面，威速登電動三輪車下半年開始陸續出貨給國內物流業者，明年也將放大出貨量及營收，近期也推出短期租賃方案，首波搶攻九合一選舉商機，明年計畫將進一步拓展至其他電動車商用領域。",2022-11-07 17:50:05,1467,記憶體模組大廠威剛 (3260-TW) 今 (7) 日公告 10 月營收 27.2 億元，月減 15.5%，年減 18.24%；前 10 月累計營收 300.8 億元，年減 8.11%。威剛表示，記憶體供應鏈雖仍有庫存去化與合約價格小幅下滑壓力，但公,['威剛'],026724b1-4ec0-4cbd-8020-dd3ba24498aa
順應國際趨勢 期交所兩檔雙週到期期貨選擇權上市倒數,"['期貨', '選擇權', '期交所', '臺指選擇權', '小型臺指期貨']","順應國際發展趨勢及市場需求，臺灣期貨交易所今 (7) 日宣布，將於 11 月 9 日掛牌「臺指選擇權」、「小型臺指期貨」雙週到期契約，提供存續期間涵蓋短、中、長期契約，使市場參與者有更多交易機會，可運用交易策略更為多元。


期交所表示，雙週到期契約掛牌方式採每周三掛牌「兩周後」星期三到期契約，也就是「下周三到期的新契約，原於本周三掛牌，提前至上周三掛牌」，每個交易日將同時有存續期間一周、二周及月到期契約可供交易。例如，交易月份第二個星期三即掛牌同月份第四個星期三到期新契約，交易月份第三個星期三掛牌同月份第五個星期三到期新契約，以此類推。


11 月 9 日上市的雙週到期契約 202211W4，到期日為 11 月 23 日，11 月 16 日不會再掛牌相同到期日契約，未來每周三仍只有一個契約到期結算。換言之，在雙週到期契約掛牌首日，交易人可選擇交易的當月到期契約包含 202211W2、202211 及 202211W4，分別於當日收盤、1 周及 2 周後到期。


另外，期交所提醒交易人，雙周到期契約掛牌後，交易月份每個星期三將同時存在當日收盤、1 周及 2 周後到期契約可供交易，交易人可依各自需求選擇不同週別到期的契約交易，並留意契約到期日。",2022-11-07 17:53:09,1466,順應國際趨勢 期交所兩檔雙週到期期貨選擇權上市倒數,[],7d611c29-afb9-4af6-8dd9-be58b5293f3e
需求回升 11月上旬電視面板全尺寸上漲1美元,"['面板', '友達', '群創', '電視', 'IT']","市調機構集邦 (TrendForce) 今 (7) 日公布 11 月上旬面板報價統計結果，電視面板在需求小幅回升下，11 月延續 10 月漲勢，上旬各尺寸平均小漲 1 美元，預期全月漲幅可望達 2 美元，至於 IT 面板方面，雖然上旬價格持平上月，但在需求疲軟下，預期全月價格仍將呈現下跌。


電視面板價格在 10 月時已成功擺脫連五季跌勢，11 月上旬各尺寸 Open-Cell 價格延續漲勢，均上漲 1 美元，32、43、55、65 吋報價分別落在 28、49、82、108 美元。


集邦研究副總范博毓表示，觀察中國品牌客戶需求仍在，加上面板廠積極拉高價格水準，目前預期 11 月漲勢可望延續，估 32-65 吋全尺寸電視面板全月漲幅將落在 2 美元，75 吋以上大尺寸也可望止跌，持平上月。


不過范博毓指出，由於需求回溫，面板廠近期又有計畫上調稼動率，在稼動率回升下恐怕又會使面板價格受到壓抑，將是未來幾個月關注重點。


IT 面板方面，范博毓說，需求依舊疲弱，但面板廠持續透過減產、控制產出，對近期面板價格跌幅收斂有助益，11 月上旬除 15.6 吋筆電面板小跌 0.2 美元外，其餘尺寸報價均持平上月底。


展望 11 月全月，范博毓表示，目前預計 21.5 吋以下的小尺寸顯示器面板將全面止跌，23.8、27 吋等主流尺寸則預計下跌 0.5 美元，筆電面板方面，預估除 11.6 吋持平外，14/15.6 吋 HD TN 面板預計下跌 0.1 美元，14/15.6 吋 FHD IPS 面板則預計下跌 0.6 美元。",2022-11-07 17:54:46,1465,市調機構集邦 (TrendForce) 今 (7) 日公布 11 月上旬面板報價統計結果，電視面板在需求小幅回升下，11 月延續 10 月漲勢，上旬各尺寸平均小漲 1 美元，預期全月漲幅可望達 2 美元，至於 IT 面板方面，預期全月價格仍將呈現下跌,"['友達', '群創']",8e353580-1d10-4b37-aeaf-eaf5ef39d6ba
信驊Q3 EPS 15.83元衝新高 宣布實施庫藏股,"['信驊', '伺服器', 'BMC', '獲利創高', '業外']","BMC 龍頭信驊 (5274-TW) 今 (7) 日公布第三季財報，儘管伺服器需求略有調整，但營收仍創次高，加上業外挹注，拉抬稅後純益創下歷史新高，達 5.99 億元，年增超過 7 成，每股稅後純益 15.83 元，單季大賺超過 1.5 個股本，前三季每股純益 43.13 元，已超越去年全年 38.3 元。


此外，信驊也宣布，為維護公司信用及股東權益，決議自明日起實施庫藏股，買回張數為 60 張，買回區間為 1418-2544 元，若低於該區間價格下限，將繼續買回，金額上限為 1.5264 億元。


信驊第三季營收 13.07 億元，季減 8.29%，年增 39.19%，毛利率 64.62%，季減 0.56 個百分點，年減 0.86 個百分點，營益率 45.33%，季減 3.38 個百分點，年減 1.62 個百分點，稅後純益 5.99 億元，季增 6.21%，年增 74.12%，每股稅後純益 15.83 元。


信驊前三季營收 38.83 億元，年增 49%，毛利率 65.19%，年增 0.22 個百分點，營益率 47.18%，年增 2.81 個百分點，稅後純益 16.3 億元，年增 82.53%，每股稅後純益 43.13 元。


展望後市，信驊認為，第四季隨著 Mini BMC(BIC) 正式放量，營收可望優於第三季，達原先目標，明年隨著新平台問世，加上新晶片單價可提升 20%，營運展望不悲觀。


另外，信驊先前因在台積電 (2330-TW)(TSM-US) 沒有拿到足夠的產能，本身庫存僅 1 個月，由於提供客戶協調訂單出貨時程的服務，整體庫存水位相當健康。",2022-11-07 17:57:58,1464,BMC 龍頭信驊 (5274-TW) 今 (7) 日公布第三季財報，儘管伺服器需求略有調整，但營收仍創下歷史次高，加上業外挹注，拉抬稅後純益創下歷史新高，達 5.99 億元，年增超過 7 成，每股稅後純益 15.83 元，單季大賺超過 1.5 個,"['信驊', '台積電', '台積電']",0a9b10b9-5745-4655-94a5-62a71cc38407
自行車整車廠明係10月4.67億元創新高 年增1.04倍,"['明係', '自行車', '整車廠']","自行車整車廠明係 (6804-TW) 下半年旺季效應顯現，今 (7) 日公布 10 月營收以 4.67 億元改寫單月歷史新高，月增 35.22%，年增 1.04 倍，累計前 10 月營收 26.48 億元，年增 97.59%。


明係主管指出，後疫情時代來臨，高階關鍵零組件供應轉趨穩定，交期有較大改善，生產及出貨都有較大幅度成長，公司並強化產品組合，帶動產能稼動率提升及達到經濟規模。


明係第三季營收 7.79 億元，創新高，單季稅後純益 4127 萬元，每股純益 1.38 元，累計前三季稅後純益 1.21 億元，年增 5.8 倍，每股純益 4.15 元，明係電動輔助自行車出貨訂單能見度已達 2023 年。


明係自行車中高階產品主攻歐美市場，前 9 月中高階車款及 E-bike 出貨量 5.6 萬台，整體出貨量已達到去年出貨量 1.1 倍，E-bike 出口平均單價約在 2000-3000 美元，高於台灣平均單價；在出貨產品組合較佳，加上零組件供應較穩定，提升營收成長力道。",2022-11-07 18:07:50,1463,自行車整車廠明係 (6804-TW) 下半年旺季效應顯現，除第三季營收以 7.79 億元創新高之外，今 (7) 日公布 10 月營收以 4.67 億元改寫單月歷史新高，月增 35.22%，年增 1.04 倍，累計前 10 月營收 26.48 億元。,"['明係', '明係']",9358fc2d-8135-4a41-977b-6a14aa428f7c
突破第一根?怎麼買都便宜 ∣ 晶心科(6533)、創惟(6104)、宜特(3289),"['萬寶投顧', '錢冠州', '晶心科', '趨勢分析']","加權指數展現突破第一根的轉強行情，目前攻上月線，下檔底部型態已經出現，後續行情怎麼看? 大家可以注意錢冠州晚上的語音分析。


作帳行情的佈局就是現在! 
瞄準從作帳到資金行情的啟動位置


萬寶投顧錢冠州表示，從目前的時間點來看，進入即將年底到明年初的行情，這個時候作帳行情將逐漸啟動，台股行情悶了將近十多個月! 同樣法人或大戶也將把績效向上拉抬，這裡面的主角會是誰呢? 當然是股本輕薄短小的中小型業績股，最好也能夠搭破明年產業向上題材!


錢冠州持續看好 Type-C 明年有機會在蘋果開始使用相關產品後迎來產業回升的行情，指標股創惟 (6104-TW) 就持續看好，技術面也出現打底向上的走勢。


錢冠州提到，今天也佈局了看好明年最受匯晶圓代工尖端製程概念股宜特 (3289-TW)，宜特盤中劇烈震盪! 但盤中大漲 7% 以上再創波段新高，台積電的 1 奈米在台灣，也表示尖端製程受惠至少 2~3 年好光景，宜特波段目標在哪? 震盪洗盤你該怎麼做?


錢冠州指出，他的單股特別會員，今天全力買進一檔專注於處理器 IP 的相關廠商，美對中半導體升級，這檔股票非但不受影響甚至未來可能受惠，如今波段大底完成，你買不買呢?


圖: 宜特 (3289-TW)




突破第一根? 怎麼買都便宜 晶心科 (6533-TW) 創惟 (6104-TW)


點選以下網址可收看最新視頻分析


https://youtu.be/6H8j-en3hj0


法人最錢線 錢冠州 Line 粉絲團: Line ID: @Marbo178


https://lin.ee/dnS5Np3


法人最錢線 錢冠州 Telegram 分享: Telegram ID: @Marbo178


https://t.me/Marbo178


法人最錢線 推特 ID: @Marbo178


https://twitter.com/Marbo178




本公司所推薦分析之個別有價證券

無不當之財務利益關係 以往之績效不保證未來獲利

投資人應獨立判斷 審慎評估並自負投資風險",2022-11-07 18:08:30,1462,無摘要,"['創惟', '宜特', '晶心科']",905c3b4d-db12-404d-8c75-0893c6ff1553
光寶科前10月營收1452億元 年增7.7% 車用、資料中心動能強,"['光寶科', '營收', '光電', '雲端', '資料中心', '消費性電子']","光寶科 (2301-TW) 今 (7) 日公布 10 月營收，受惠資料中心、車用電子動能挹注，營收 148.95 億元，月減 6.5%、年增 2.07%，累計前 10 月營收 1452.75 億元，年增 7.7%。


光寶科三大業務中，光電部門營收比重達 19%，較去年同期成長 3%，可見光市況較為疲軟，不過，光耦合器、車用 LED 照明，以及車用 ADAS 模組出貨持續暢旺。


雲端、物聯網部門營收比重 34%，光寶科認為，資料中心業務第四季將持續較前季成長、年增 3 成，伺服器電源產品市占率今年已超過 3 成、明年上看 4 成，未來 2 年每年都可有 20% 以上成長。


資訊、消費性電子部門比重 47%，儘管終端消費需求放緩，但公司持續擴大高瓦數產品出貨比重，平均銷售價格 (ASP) 仍上揚，該部門 10 月仍較去年成長。


展望明年，總經理邱森彬坦言，許多產業對明年看法相對保守，光寶科將持續專注拓展長期成長領域，包含雲端、車用電子、高階光耦合器、工控等，以抵抗總體波動、保持成長。",2022-11-07 18:09:40,1461,光寶科 (2301-TW) 今 (7) 日公布 10 月營收，資料中心、車用電子需求強勁支撐，營收 148.95 億元，月減 6.5%、年增 2.07%，累計前 10 月營收 1452.75 億元，年增 7.7%。,['光寶科'],6b9cb7e8-e693-4779-8d9f-366f71ffae43
網通大廠10月營收 智易再寫新高、中磊創次高,"['網通', '營收', '中磊', '智易', '智邦', '網通三雄']","網通三雄下半年營運強勁，今 (7) 日各家陸續公告 10 月營收，智易達 45.28 億元再創新高，中磊 60.25 億元寫單月次高，智邦 66.1 億元則為歷史第六高。


中磊 (5388-TW) 10 月營收 60.25 億元，月減 6.9%、年增 59.5%，累計前 10 月營收 521.9 億元，年增 51.4%。中磊直攻電信商策略奏效，並持續取得市占，明年營運將保持成長。


智易 (3596-TW) 10 月營收 45.28 億元，月增 0.14%、年增 35.9%，累計前 10 月營收 385 億元，年增 20.4%。智易預計下半年營運逐季增，今年可望成長雙位數。


智邦 (2345-TW) 10 月營收 66.1 億元，月減 10%、年增 30.4%，累計前 10 月營收 616.17 億元，年增 29.6%。智邦 400G 出貨持續放大，明年營收比重可望上看雙位數，800G 產品也持續認證中。


正文 (4906-TW) 受惠美國基建案今年營運持續向上，10 月營收 29.43 億元，月增 7.02%、年增 72.9%，累計前 10 月營收 223.13 億元，年增 17.23%。",2022-11-07 18:20:04,1460,網通三雄下半年營運強勁，今 (7) 日紛紛公告 10 月營收，智易營收 45.28 億元再創新高，中磊、智邦 10 月雖較前月略減，但中磊仍寫單月次高紀錄，智邦營收也有歷史第六高表現。,"['中磊', '智易', '智邦', '正文']",9b118602-2237-4613-bbc8-0c660668a5cf
致伸10月營收62.6億元 探8個月低點,"['致伸', '聲學', 'ADAS']","電聲元件廠致伸 (4915-TW) 受中國十一長假與 PC 與消費性產品需求疲弱影響，10 月營收降至 62.6 億元，探 8 個月來低點，月減 16.9%、年減 9%；前 10 月營收 667.7 億元，續創同期新高，年增 14.8%。


致伸強調，雖然 10 月營收呈現年減，不過產品組合優化帶動毛利提升，加上新台幣貶值匯率挹注，10 月獲利年增幅仍將高於前三季獲利年增幅。從產品線來看，視覺影像產品中，車用 ADAS 與 B2B 相關應用相機維持高成長、商用設備需求回溫；聲學產品受惠專業聲學比重提升，抵銷疲弱的消費聲學產品需求。


展望本季，致伸表示，營收將比第三季下滑、持平去年同期，獲利則在產品優化與新產品達到經濟規模，優於去年同期，其中，安全監控與智慧家庭等新產品將陸續推出新案，有顯著的營收貢獻、車電與工業物聯業績，將抵銷消費等疲弱的需求，今年全年獲利成長幅度有望高於營收。


致伸第三季稅後純益 8.78 億元，季增 23.4%、年增 30.6%，每股純益 1.95 元；前三季純益 21.4 億元，年增 19.7%，每股賺 4.77 元，單季、累計獲利雙創新猷。營收比重方面，資訊產品占 42%、智慧生活產品占 33%、車電 / 工業互聯網 (AIoT) 等相關產品占 25%。",2022-11-07 18:40:03,1459,電聲元件廠致伸 (4915-TW) 受到中國十一長假與 PC 與消費性產品需求疲弱影響，10 月營收降至 62.6 億元，探 8 個月來低點，月減 16.9%、年減 9%；前 10 月營收仍達 667.7 億元，續創同期新高，年增 14.8%。,['致伸'],974dd212-553f-448d-ad2f-0f68a9d3630b
玉晶光10月營收23.14億元較上月修正 年增17.7%,"['玉晶光', '華通', 'iphone', '光學元件']","蘋果 (AAPL-US) iPhone 14 手機正式上市的備貨動能略微修正，光學元件廠玉晶光 (3406-TW) 今 (7) 日公布 10 月營收 23.14 億元，月減 15.31%，年增 17.7%；累計今年前 10 月營收 157.83 億元，年增 21.59%。 


玉晶光第三季營收 71.77 億元，創新高，一舉超越上半年總和 62.55 億元，10 月營收自高點下滑，玉晶光主管指出，第四季已過傳統旺季，導致 10 月營收較 9 月修正，未來訂單狀況還是要看客戶實際的拉貨而定。


受惠蘋果對新手機積極備貨達尾聲，各供應鏈營運表現不一，華通 (2313-TW)10 月營收 78.38 億元創新高，臻鼎 (4958-TW) 今天公布的 10 月營收 211.9 億元創新高。


同屬蘋果供應鏈的光學元件廠大立光 (3008-TW)10 月營收 52.13 億元，爲 23 個來新高，月增 2.15%，年增 24.15%，累計前 10 月營收爲 384.98 億元，年增 1.02%，大立光第四季進入出貨旺季，11 月拉貨力道仍與 10 月相同。


值得注意的是，大立光在 9 月及 10 月連續兩個月營收攀上 50 億元之上，前 10 月營收與去年同期比較，已轉為正成長。",2022-11-07 18:46:05,1458,蘋果 iPhone 14 手機正式上市的備貨稍歇，光學元件廠玉晶光 (3406-TW) 今 (7) 日公布 10 月營收 23.14 億元，月減 15.31%，年增 17.7%；累計今年前 10 月營收 157.83 億元。,"['玉晶光', '華通', '臻鼎-KY', '大立光', '蘋果']",6b150825-4be2-4b64-b879-633a414022e1
蔡明彰觀點：升息更久更長  更要鎖定貨真價實成長股,"['趨勢分析', '萬寶投顧', '蔡明彰', '台股']","今天報告的主題是「升息更久更長  更要鎖定貨真價實成長股」。


萬寶投顧蔡明彰強調，11 月 2 日聯準會利率決策會議後的聲明，定調未來升息幅度將放緩，但打壓通膨的決心更堅強，未來升息的最終利率更高，且時間更久。


這個改變將使台股從今年 18,619 點跌到 12,629 點，大跌 6,000 點的跌勢宣告結束，但受升息更高、更久的影響，12,629 點雖成為台股熊市第一隻腳，但不景氣的衝擊，產業失去訂單並裁員削減資本支出，明年第一季將二度探底。而在這段時間，台股跌深反彈，上檔壓力季線 14,000 點。


影響台灣產業獲利最大是半導體，全球半導體行業的寒冬已到來，要等到 2023 下半年消費電子的庫存慢慢調整結束，市場逐漸進入供需平衡。


從美國半導體協會的數字來看，從 1976 年迄今，全球半導體經歷七次大週期，現在處於第八輪週期，每次週期都是供需之間的問題。多頭循環是缺貨漲價，投資擴增產能，空頭循環又變成供過於求，產品跌價，庫存調整及控制產能。


這輪半導體空頭循環由 IC 設計開始傳導，今年半導體族群股價跌最凶都是 IC 設計。不過，當前半導體行業並非某一個產業或某個環節的衰退，而是整個行業週期性波動的結果。


在過去三年缺晶片影響下，不少廠商瘋狂囤貨，導致市場重複下單，在這樣背景，無論 IC 設計廠商或晶圓代工廠商，乃至於半導體設備供應商，都難以置身事外。


萬寶投顧蔡明彰強調，近來台積電 (2330-TW)、聯電 (2303-TW)、英特爾、美光等全球代工巨頭都公佈削減資本支出的計劃，預告 2023 上半年晶圓代工、記憶體、半導體設備仍有苦日子，現階段不要太早佈局景氣未落底的晶圓代工。


四大晶圓代工成熟製程比重高的世界 (5347-TW)、力積電 (6770-TW) 第三季 EPS 已呈現衰退，台積電先進製程比重高、聯電的客戶砍單不明顯，台積電、聯電第三季 EPS 仍高於第二季，預料第四季開始呈現季減的衰退。


聯電先前低點 35 元已充分反映利空，第三季財報公佈後反彈可期，但外資將進出以搶差價為主。台積電的變數更複雜，除了地緣政治的影響外，受通膨加劇和經濟情勢惡化的衝擊，美國多家大型科技公司宣佈停止招聘或裁員，連谷歌、Meta、推特都紛紛加大成本控制的力道。


萬寶投顧蔡明彰強調，過去出現矽谷大型科技公司的裁員潮，通常台積電股價表現都不會太好。雖然 IC 設計族群股價修正的時間最早及跌幅最大，照理是現階段佈局的焦點，但不少個股的景氣調整遠超過預期，必須仔細分析。


中低階 MCU 的盛群 (6202-TW) 及面板驅動 IC 的天鈺 (4961-TW) 為代表。盛群最早去年第四季就預警中國廠商在低階 MCU 的砍價競爭，今年上半年表示庫存調整到明年第二季，但最近改口延長到明年第三季，並且庫存金額達 17 億元創新高，估第四季晶圓產出大減 45％。


盛群這次獲利高峰在去年第三季，EPS 3.17 元，去年 7 月創 151.5 元天價，但今年第一季 EPS 2.27 元、第二季 1.57 元，第三季只剩 0.99 元，估計第四季損益兩平，全年估 5 元，較去年 9.04 元，衰退 45％，今年股價下跌 34％，利空後股價不再破底。


有人解讀利空出盡，但 2023 年時盛群預估 EPS 將回到疫情前的 4 元水準，比今年 5 元更低，恐長線的底部未出現。


萬寶投顧蔡明彰強調，IC 設計今年跌太重，容易在利空公佈後第一時間股價跌不下去，但冰凍三尺非一日之寒，景氣最壞尚未成為過去，仍要小心謹慎。


以面板驅動 IC 為例，聯詠 (3034-TW) 第二季 EPS 13.95 元，第三季 7.07 元，季減 49％。敦泰 (3545-TW) 尚未發佈第三季 EPS，但第二季從第一季的 3.57 元衰退至 0.44 元，季減高達 88％。


天鈺 (4961-TW) 幾乎以腰斬的方式反應獲利，第一季 EPS 8.11 元、第二季 4.04 元，到了第三季只剩 2.48 元，而毛利率由 2021 年第三季最高的 49.6％降至目前 31.18％，今年前三季 EPS 14.63 元，估全年 15 元～16 元，較去年 33.83 元，衰退逾五成。


市場傳聞面板驅動 IC 將減薪裁員，被點名就是天鈺，可是第一時間股價沒跌，主因今年股價已大跌 55％。不過，一家公司若減薪裁員，就表示景氣更壞在後頭，怎可能吸引投資買盤。


萬寶投顧蔡明彰強調，IC 設計要鎖定股價大跌已充分反映已知及未知利空。


力智 (6719-TW) 第三季 EPS 3.76 元，較第二季 5.74 元，季減 34％，估庫存調整，第四季營收再季減三成，全年 EPS 估 16 元，達不到預期的 20 元，表面利空，但今年股價從 1,015 元跌到 212 元，大跌近 80％，業績季減三成，但股價跌八成，已充分反映利空，2023 年電源管理 IC(PMIC) 及功率半導體元件 (MOSFET) 兩大新產品加入營運，估力智明年 EPS 可望回到 20 元水準。


11 月 14 日截止發佈第三季財報，市場將看清楚哪些公司業績成長，但股價委屈。這種股票不在熱門的半導體，例如 IPC 的廣積 (8050-TW) 第三季 EPS 3.4 元，較第二季 2.22 元，季增 53％，前三季 EPS 7.13 元，全年估 9 元，本益比僅 8 倍。


光通訊的波若威 (3163-TW) 第三季營收 7.62 億元，較第二季 9.61 億元，季減二成，但神奇的事發生了，第三季 EPS 2.4 元較第二季 2 元，季增二成，因為毛利率從第二季的 24.94％上升至 26.78％，前三季 EPS 5.01 元，全年估 7 元，本益比不到 8 倍。


網通的啟碁 (6285-TW) 第三季 EPS 大躍進，由第二季 1.43 元，季增 119％，到 3.13 元，前三季 5.33 元，網通代工為主的啟碁毛利率 12％不高，但未來是晶片供過於求、售價看跌的最大受惠者，今年 EPS 估 8 元，本益比 10 倍。


傳產的華新 (1605-TW) 雖有業外挹注，第三季 EPS 2.63 元，前三季 5.37 元，第四季本業回溫，全年估 6 元，目前 4 字頭價位太低估。


立即免費加入蔡明彰粉絲團，可獲得更多資訊分享


蔡總選黑馬蔡明彰 LINE 粉絲團


https://line.me/ti/p/@marbo666


蔡總選黑馬蔡明彰 免費 YOUTUBE 影音頻道


https://www.youtube.com/channel/UCHjkjx50-BTduhjwiwFA3nw


蔡總選黑馬蔡明彰 FB 社團


https://www.facebook.com/groups/marbo666/


蔡總選黑馬蔡明彰 telegram 粉絲團


https://t.me/marbo666


本公司所推薦分析之個別有價證券

無不當之財務利益關係 以往之績效不保證未來獲利

投資人應獨立判斷 審慎評估並自負投資風險",2022-11-07 18:47:16,1457,無摘要,"['台積電', '聯電', '啟碁', '波若威', '廣積', '力智', '敦泰', '聯詠', '天鈺', '盛群', '力積電', '世界', '華新']",f2683b2f-cbba-45e4-bb4c-fa137ba24234
研華、樺漢均寫最佳10月 累計營收創同期高,"['研華', '樺漢', '工業電腦']","工業電腦雙雄今 (7) 日同步公告 10 月營收，研華 (2395-TW)57.36 億元，月減 10.5%、年增 14.5%；樺漢 (6414-TW)105.28 億元，月減 11.8%、年增 31.6%，兩家公司單月及累計營收均來到同期新高。


研華累計前 10 月營收 572.93 億元，年增 14.5%。10 月接單 / 出貨比值 (B/B Ratio) 為 0.95，較上月回溫，累計前 10 月的 BB Ratio 為 1.06。


研華表示，10 月應用電腦事業群 (Applied Computing Group, ACG) 表現最佳，年增 33%，工業物聯網事業群 (Industrial-IoT Group, IIoT) 及嵌入式物聯網平台事業群 (Embedded-IoT Group, EIoT) 也較去年成長；市場方面，則以歐洲及日本表現最佳，但北美、中國、台灣及新興市場客戶拉貨轉趨保守，均較去年同期小幅衰退


前 10 月來看，研華表示，應用電腦事業群、物聯雲暨影像科技事業群 (Industrial Could & Video Group, ICVG)、服務物聯網事業群 (Service-IoT Group, SIoT) 及嵌入式物聯網平台事業群皆呈現雙位數增長。市場以北美、歐洲及新興市場最為強勁，都年增逾 2 成。


樺漢累計前 10 月營收 936.51 億元，年增 25.8%，樺漢表示，在各國邊境陸續解封，帶動料況供應、物流交通等穩定順暢下，10 月三大事業都較去年同期成長，第四季營收可望保持高年增。


10 月各事業表現，樺漢表示，工控設計年增 38%，主要因歐美市場之智能零售、智慧金融、娛樂博弈等客戶的拉貨力道提升，加上匈牙利布達佩斯廠加入貢獻。若以樺漢個體來看，10 月營收年增 107%，累計前 10 月年增更達 49.3%。


系統整合則因半導體、政府與學校機構等客戶仍持續投入資本支出擴廠增產、基礎建設，帶動機電工程的設備出貨與服務增加，不僅年增 51.1%，也較前月成長；品牌通路則受惠基礎建設、國際電動車品牌的智能工廠需求，較去年成長 9.1%。",2022-11-07 18:47:31,1456,工業電腦雙雄今 (7) 日同步公告 10 月營收，研華 (2395-TW)57.36 億元，月減 10.5%、年增 14.5%；樺漢 (6414-TW)105.28 億元，月減 11.8%、年增 31.6%，兩家公司單月及累計營收均來到同期新高,"['研華', '樺漢']",e2378171-dcb4-40a1-ae56-a0ab0f2f0e43
志超前三季稅後純益年減12.5% 每股賺4.18元,"['志超', 'PCB', '光電板']","疫情紅利結束，今年以來全球面板市場需求減緩，光電板廠志超 (8213-TW) 也受影響，今 (7) 日公布財報，前三季稅後純益 11.32 億元，年減 12.51%，每股純益 4.18 元。


志超為因應產業變局，原訂今年第三季四川遂寧廠二期新增產能，也確定延後開出。


志超第三季營收 42.63 億元，爲 2011 年第三季以來新低，毛利率 14.86%，季增 1.02 個百分點，年減 0.58 個百分點，單季稅後純益爲 3.06 億元，季減 9.26%，年減 29.22%，每股純益 1.13 元。


志超前三季營收 173.21 億元，毛利率 14.87%，年減 0.77 個百分點，前三季稅後純益 11.32 億元，年減 12.51%，每股純益爲 4.18 元。


志超主要產能分布在台灣、廣東中山、江蘇無錫及四川遂寧，除景氣影響，第二季還包括華東防疫封城影響組裝客戶出貨、韓國三星檢討存貨也導致拉貨動能趨緩。",2022-11-07 18:54:03,1455,疫情紅利結束，今年以來全球面板市場需求減緩，光電板廠志超 (8213-TW) 也受影響，今 (7) 日公布最新財報，前三季稅後純益 11.32 億元，年減 12.51%，每股純益爲 4.18 元。,['志超'],b2595df1-c713-4998-8831-5a434a9be769
空頭氣盛散戶落跑 10月交易戶253萬8469戶 月減逾1成,"['台股', '散戶', '當沖', '定期定額']","台股 10 月跌幅收斂，但市場交易信心仍未全面回穩，包括當沖戶數、自然人成交值比重、交易戶數與定期定額交易都較 9 月下降，其中實際交易戶數剩 253 萬 8469 戶，月減 32 萬 7726 戶，月減幅逾 1 成。


根據證交所今 (7) 日公布的集中市場交易數據，10 月當沖占成交值比重從 9 月 38.97% 回升至 41.80%，但每日平均當沖戶數卻從 9 月的 8 萬 6646 戶小幅降至 8 萬 3806 戶。


自然人交易也因台股震盪而下降，9 月自然人成交值比重為 55.96%，但 10 月自然人成交值比重已降至 52.74%；外資成交比重則從 9 月的 33.52% 回升至 36.73%。


至於整體實際有交易戶數來看，10 月交易戶數較 9 月減少 32 萬 7726 戶，降至 253 萬 8469 戶。


另外，10 月定期定額投資金額雖較 9 月下降，但減幅不大，9 月定期定額投資金額約 55.93 億元，但 10 月減少 1.41 億元，投資金額降至 54.52 億元。",2022-11-07 19:02:34,1454,台股 10 月跌幅收斂，但市場交易信心卻未全面回穩，包括當沖戶數、自然人成交值比重、交易戶數與定期定額交易都較 9 月下降，其中實際交易戶數剩 253 萬 8469 戶，月減 32 萬 7726 戶，月減幅逾 1 成。,[],4f62f7eb-5a18-4bc9-bc5e-2319fecacafb
【台指操作攻略】驚驚漲行情已啟動  選飆股不如做指數,"['永誠投顧', '趨勢分析', '邱奕良', '股期一陽指', '台指']","今日 (11/07) 外資台指淨多單水位下降，從上個交易日的淨多單 5,588 口，盤後淨多單剩下 4,475 口，減少了 1,113 口。美元指數下滑跌破月線，外資一改連日賣超，今日反手買超台股 92.03 億。台指未平倉量則增加 1,186 口來到 73,444 口，顯示台指期貨籌碼動能持續增溫。


根據美國勞工部上周五（11/4）公布數據顯示，10 月失業率意外升至 3.7%，高於預期的 3.5%，暗示聯準會（Fed）不需要更激進的升息政策；加上中國二十大後，將放寬防疫措施的消息甚囂塵上，美股反彈中止日線連四黑，也激勵上周五台指夜盤大漲。跟過去不一樣的是，當天收盤已經創下 10/17 以來新高，敏感的投資人都感覺到，賺錢的機會真的來了，因為指數突破盤整區，接下來容易出現波段走勢，這時候要跟以前一樣挑股票，想辦法找到下一檔飆股，如果運氣不好掠龜走鱉，就會錯過今年最後一次反敗為勝的機會，不如操作指數，不管哪個族群強勢都不會錯過，有些人認為那就眼睛閉著做多，但現在不是做多就會贏，以今天為例，開高走低盤中向上急拉，最後突破重圍再度收紅，對盤勢沒有把握的投資人，很容易被洗出場外。


如何洞燭機先判斷當天盤勢架構，運用我們簡單實用看盤口訣『穩盤靠現貨 攻勢看期貨』，早盤台指漲幅落後現貨且成交量放大，開盤創近期新高賣壓出籠，但電子期漲幅領先台指及金融期，顯示多方控盤回檔空間有限。今天實際開盤價 13,156 高於盤前計算得出的預估開盤價 13,136，掌握主力開盤偏多操作，我們於 09:04 及 09:24 兩度提醒會員，多方控盤殺低回檔空間有限，當價差由逆翻正盤勢轉強，09:32 立刻進場 13150 做多，指數操作不用選邊站，只要掌握當天盤勢脈動，就有機會把行情變鈔票。


《千里眼波段策略系統》上周五僅留一筆多單，今日開盤趨勢明確火力全開，08:45 進場兩筆多單，09:59 再次做多，尾盤基於風險控管，13:40 平倉一筆，單日獲利 + 714 點，想抓住年底最後一波行情，現在進場還來的及，留下電話有專人回覆說明，或拿起電話立刻撥打，一陽指專線 02-25428999，把電話撥通明天你就是贏家，點開表單，就能立即掌握出奇制勝的真傳：
https://forms.gle/Du3M63m41oJWDwnA7


<跟著專業期貨分析師，輕鬆解讀盤勢動向>：
https://reurl.cc/jkON6n


<想獲得更多操作技巧?! 快加入 FB 粉專>：
https://reurl.cc/oeqnmj


<Line@粉絲團即點即加，一對一諮詢>：
https://page.line.me/ss168


<一通電話，晉升贏家>：02-2542-8999






本公司所推薦分析之個別有價證券

無不當之財務利益關係 以往之績效不保證未來獲利

投資人應獨立判斷 審慎評估並自負投資風險",2022-11-07 19:04:15,1453,無摘要,[],014a7640-39df-46d2-b68a-a68d1ebb58e4
製鞋廠10月營收 志強-KY 創新高 豐泰年增84%,"['製鞋', '豐泰', '志強', '世足賽', 'Nike', 'Adidas']","製鞋大廠豐泰 (9910-TW)、志強 - KY (6768-TW) 今 (7) 日陸續公布 10 月營收，志強迎世足賽旺季需求，10 月營收再創單月新高，豐泰同樣保持高檔，較去年成長 83.9%。


豐泰 10 月營收 83.37 億元，月減 3.13%、年增 83.9%，累計前 10 月營收 813.78 億元，年增 44.9%。法人指出，儘管品牌商進入庫存調整階段，第四季仍可望優於去年，明年營運看增。


志強 10 月營收 19.59 億元，月增 20.5%、年增 300%，累計前 10 月營收 157 億元，年增 57.9%。志強表示，世足賽需求旺季帶動下，看好下半年足球鞋出貨，營運可望續強。


志強去年也加入跑鞋新客戶 Brooks，公司指出，目前正建置印尼新廠以滿足客戶需求，預計明年下半年量產，年產能 1200 萬雙，其中有一半產能將供貨 Brooks 訂單。",2022-11-07 19:04:20,1452,製鞋大廠豐泰 (9910-TW)、志強 - KY (6768-TW) 今 (7) 日陸續公布 10 月營收，志強迎世足賽旺季需求，10 月營收再創單月新高，豐泰營收仍保持高檔，較去年成長 83.9%。,"['豐泰', '志強-KY']",c0f6c5c7-0745-489a-ac3b-86ecc00e2c5f
淡季來臨 台虹10月營收7.72億元 月減11.28%,"['台虹', 'FCCL', '銅箔基板']","消費性電子需求走弱，軟性銅箔基板（FCCL）廠台虹 (8039-TW) 10 月遭遇季節性出貨下滑，今 (7) 日公布 10 月營收達 7.72 億元，月減 11.28%，年增 17.55%，前 10 月營收 76.33 億元，年減 3.59%。


台虹第四季進入淡季，法人估今年營收可能較去年 94.05 億元衰退。


台虹今年前三季營收 68.61 億元，毛利率爲 24.46%，年增 0.39 個百分點，以匯兌利益爲主的其他利益約 3 億元，稅後純益 6.91 億元，年增 12.09%，每股純益 3.3 元。


台虹計畫將投資 3500 萬美元，在泰國取得 1.4 萬坪土地並興建軟性銅箔基板，預計 2024 年上半年量產，鎖定當地日商藤倉、旗勝及在越南的住友等軟板廠需求，搶進泰國汽車供應鏈。


台虹赴泰國投資，是在兩岸投資外，在全球布局又跨出一大步，也是繼 2018 年由江蘇昆山推進向如東縣投資設廠後，另一個大舉投資動作。",2022-11-07 19:11:04,1451,軟性銅箔基板（FCCL）廠台虹 (8039-TW) 第三季營運旺季不旺，10 月又遭遇季節性出貨下滑，台虹 (8039-TW) 今 (7) 日公布 10 月營收 7.72 億元，月減 11.28%，年增 17.55%。,['台虹'],3372b6b4-eec2-4165-8b88-f284d4b3afc8
大盤頭肩底出現，哪些強勢股已經發動？,"['趨勢分析', '韋國慶', '贏家攻略', '永誠投顧', '大富線']","今天加權指數大漲近 200 點，正式突破十月盤整區，形成頭肩底型態（細節請看今天『贏家攻略』）




五日十日線也開始穿過月線，均線多頭排列逐漸形成，結構上都有利台股做一次比較像樣的上漲


最近美元指數持續走弱，今天台幣也出現較明顯反彈，若台幣能漲過月線（請看『贏家攻略』），也有機會出現較大幅度的反彈，就有利於外資重新買超台股，對於大盤的續漲和大型股的反彈都有助益


之前我一再提醒大家，當大盤在跌的時候，若有某些股票相對抗跌，一定是大盤止跌後一馬當先衝出的股票，今天盤面上這些股票已經陸續出現


買股票，不是只看股價今天漲不漲，而是要找出未來能大漲一波的股票，今天盤面很多的股票大漲或漲停，多半只是跌深反彈，而有些股票卻是已經創波段新高，這才是真正強勢股


之前預告的智原今天果然再創本波新高，公司一直相當看好未來前景，它的營收獲利結構也確實持續強勁成長，智原一直就是我們長線操作的標的，再透過「大富線」，穩穩掌握每一波的起漲起跌，賺錢輕輕鬆鬆


之前剛大賺一段的宜特，股價經過中段整理後，今天也創波段新高，基本面強，有價有量




我們之前大賺近一倍的高力，上週在「大富線」重新出現波段買訊，今天股價也再創新高




這些才是真正長線的好股票，我再強調一次強勢股的 SOP：1 未來基本面強 2 股價在「大富線」出現買進訊號，或股價守在「大富線」之上的


只要符合這兩個條件，就一定是強勢股，按照這個 SOP 選股和做股票，輕輕鬆鬆賺大錢


股票知買知賣、百戰百勝，歡迎趕快加入我們的會員行列，及加入我們的
群組


歡迎收看今天的『
贏家攻略
』『
期貨至尊
』


持續鎖定我們的相關社團，幫你找出大飆股


持續追蹤我們的文章，帶給您最實用的分析！


Telegram 官方頻道：
https://t.me/rich57999


Line 官方頻道：
https://lin.ee/9eoRxs1


贏家攻略 FB 粉絲頁：
https://reurl.cc/XZZ9D


本公司所推薦分析之個別有價證券

無不當之財務利益關係 以往之績效不保證未來獲利

投資人應獨立判斷 審慎評估並自負投資風險",2022-11-07 19:20:02,1450,無摘要,[],55ed22af-574b-4956-be26-7539c368c9e5
力旺明年Q1完成5奈米製程驗證,"['力旺', '矽智財', 'IP', '記憶體', 'NVM', 'OIP', '台積電']","力旺 (3529-TW) 今 (7) 日宣布，公司今年再度榮獲台積電開放創新平台 (OIP) 年度合作夥伴獎，成為嵌入式記憶體 IP 的獲獎者，同時指出，OTP 解決方案 NeoFuse 預計明年首季就會在 5 奈米製程完成可靠度驗證，還有 4 奈米製程的設計定案。


台積電年度 OIP 合作夥伴獎主要表彰開放創新平台生態系統的合作夥伴，在過去一年中，在新一代系統單晶片 (SoC) 和 3DIC 設計的卓越表現。


力旺指出，目前為止，公司已布建約 700 個矽智財 IP 在台積電的技術平台上，其中，安全 OTP 解決方案（NeoFuse 和 NeoPUF）已完成在 6/7 奈米技術製程上驗證，可支持 AEC-Q100 0 級溫度標準 (-40°C 至 150°C)，並繼續積極進行在 5 奈米和 4 奈米製程的開發。


力旺預期，NeoFuse 預計明年第一季在 5 奈米製程上完成可靠度驗證，以及 4 奈米製程的設計定案。


除用於台積電先進邏輯製程的非揮發性記憶體 (NVM)，力旺還為各種應用開發全面的矽智財解決方案，NeoFuse 現已通過台積電 55 奈米 BCD、28 奈米 RF HPC+ ULL 和 12 奈米 FFC + 製程的可靠度驗證，NeoMTP 也通過 90 奈米 BCD + 製程的可靠度驗證。


力旺總經理何明洲表示，公司與台積電的合作夥伴關係持續 20 多年，今年再度以嵌入式記憶體 IP 解決方案獲得台積電年度 OIP 合作夥伴獎，對公司仍是無上的榮耀，也表明客戶們對力旺的技術品質投下信任票。


台積電設計建構管理處負責人 Dan Kochpatcharin 指出，力旺與台積電將持續合作，確保共同客戶能夠獲得創新所需的領先技術，並實現最佳的設計成果。


台積電每年的年度 OIP 合作夥伴獎項專門頒發給具有最高設計、開發和技術實施標準、有助加速晶片創新的合作夥伴公司，力旺強調，公司將持續與台積電合作，透過經認證的最新技術和服務實現下一代系統單晶片和 3DIC 設計。",2022-11-07 19:20:04,1449,力旺 (3529-TW) 今 (7) 日宣布，公司今年再度榮獲台積電開放創新平台 (OIP) 年度合作夥伴獎，成為嵌入式記憶體 IP 的獲獎者，同時指出，OTP 解決方案 NeoFuse 預計明年首季就會在 5 奈米製程完成可靠度驗證，還有 4,['力旺'],8b666fbe-58b9-43ee-b6a4-ca0e3ff0e615
合勤控Q3營運回神 每股賺1.88元創新高,"['網通', '合勤控', '財報']","網通廠合勤控 (3704-TW) 今 (7) 日公布財報，第三季擺脫中國封城陰霾後營運回神，稅後純益 7.62 億元，季增 932%、年增 78.2%，每股純益 1.88 元，創單季新高，前三季稅後純益 11.62 億元，年增 26%，每股純益 2.72 元，超越過去全年獲利水準。


合勤控第三季營收 86.6 億元，季增 39%、年增 36.9%，毛利率 23%，季減 0.4 個百分點、年減 5.5 個百分點，營益率 8.3%，季增 4.3 個百分點、年減 2.7 個百分點，稅後純益 7.62 億元，季增 932%、年增 78.2%，每股純益 1.88 元。


合勤控前三季營收 219.2 億元，年增 13.6%，毛利率 21.9%，年減 1.6 個百分點，營益率 5.3%，年減 1 個百分點，稅後純益 11.62 億元，年增 26%，每股純益 2.72 元。


展望後市，合勤控認為，缺料緩解下半年出貨好轉，訂單滿足率將可達到 9 成以上，營運將大幅改善，毛利可望逐步回升。",2022-11-07 19:26:11,1448,網通廠合勤控 (3704-TW) 今 (7) 日公布財報，第三季擺脫中國封城陰霾後營運回神，稅後純益 7.62 億元，季增 932%、年增 78.2%，每股純益 1.88 元，創單季新高，前三季稅後純益 11.62 億元,['合勤控'],e072876b-4d06-46d7-ad30-552576f973d0
面板不振拖累 同泰10月營收8083萬元 續創IPO以來新低,"['欣興', '同泰', '面板']","欣興 (3037-TW)、台表科 (6278-TW) 轉投資軟板廠同泰 (3321-TW) 今 (7) 日公布 10 月營收，達 8083 萬元，創上市來新低，月減 18.88%，年減 58.34%，2022 年前 10 月 營收 14.71 億元，年減 21.35%。


同泰主管指出，第三季以來營收走低，主要是因面板、消費性電子客戶拉貨趨緩，造成營收下滑。


同泰前三季營收 13.9 億元，毛利率 4.4%，年減 6.5 個百分點，稅後虧損 6520 萬元，每股虧損 0.42 元。",2022-11-07 19:31:26,1447,欣興 (3037-TW)、台表科 (6278-TW) 轉投資軟板廠同泰 (3321-TW) 今 (7) 日公布 10 月營收再較 9 月走低，單月營收 8083 萬元，創上市來新低。,"['欣興', '台表科', '同泰']",40394716-8e9c-4eb2-809a-72731e600a17
客戶量產動能強 創意、力旺10月營收雙寫新高,"['創意', '力旺', 'ASIC', 'IP', '量產', '台積電', 'IC設計', '權利金']","ASIC 廠創意 (3443-TW)、IP 業者力旺 (3529-TW) 今(7) 日公布 10 月營收，受惠客戶量產動能強勁，分別達 24.23 億元、5.2 億元，雙雙改寫歷史新高，年增幅 37% 以上。


創意 10 月營收 24.23 億元，月增 14.98%，年增 41.61%，累計前 10 月營收 183.8 億元，年增 54.34%，細分兩大產品線，ASIC 及晶圓產品營收占比約 66%、委託設計 (NRE) 則約 32%，其他為 2%。


力旺 10 月營收 5.2 億元，首度突破 5 億元大關，月增 791.48%，年增 37.44%，累計前 10 月營收 28.34 億元，年增 34.26%。


創意今年受惠先前耕耘的案件陸續導入量產，營收顯著成長，法人看好，創意今年營收至少超過 210 億元，明年更隨著 2 顆 7 奈米與 1 顆 12 奈米案件進入量產，營收將再創新高，且因產品為高單價也有助進一步優化毛利率。


力旺近期積極衝刺資訊安全領域，目前旗下熵碼 PUF 方案已獲眾多客戶導入，看好相關效益將持續發酵，也強調儘管近期半導體市況轉弱，但公司營運並不受影響。",2022-11-07 19:40:04,1446,ASIC 廠創意 (3443-TW)、IP 業者力旺 (3529-TW) 今(7) 日皆公布最新營收，受惠客戶量產動能強勁，10 月營收分別達 24.23 億元、5.2 億元，雙雙改寫歷史新高，年增幅也達 37% 以上。,"['創意', '力旺']",70191c27-af09-48c9-8f03-5cb1e39361cb
豐興前10月每股稅前賺5.4元 國際廢鋼續弱鋼筋連二跌,"['豐興', '鋼筋', '廢鋼', '型鋼', '鋼鐵']","鋼筋廠豐興 (2015-TW) 今 (7) 日公告 10 月自結，稅前盈餘 2.27 億元，月增 53.5%、年減 51.9%；累計前 10 月稅前盈餘 31.42 億元，年減 21.2%，每股稅前盈餘約 5.4 元。在國際廢鋼續跌下，豐興本周鋼筋連二周走跌，型鋼也同步調降。


豐興 10 月營收 25.31 億元，月減 6.6%、年減 31%；營業利益 2.2 億元，月增 145%、年減 52.8%；累計前 10 月營收 321.76 億元，年增 3.5%、營業利益 27.36 億元，年減 27%。


國際廢鋼續跌，豐興盤價也持續下調，本周廢鋼收購價下跌 300 元至每公噸 1.03 萬元、鋼筋基價下跌 400 元至每公噸 1.94 萬元、型鋼產品基價下跌 500 元至每公噸 2.63 萬元。


國際行情來看，日本 2H 廢鋼下跌 10 美元至每公噸 355 美元；美國貨櫃廢鋼每公噸同樣下跌 10 美元，來到 345 美元；澳洲鐵礦砂則從每公噸 81.8 美元漲至 87.75 美元。


豐興認為，依照目前市況來看，鋼筋仍是主力產品，型鋼需求相對持穩，估計第四季營收、毛利率應與第三季持平。",2022-11-07 19:50:02,1445,國際廢鋼續跌下，鋼筋廠豐興 (2015-TW) 今 (7) 日開出的本周盤價，廢鋼收購價每公噸下跌 300 元，鋼筋基價同步下跌 400 元，連二周走跌，型鋼也下跌 500 元。,['豐興'],089276a3-2bca-4e33-92d8-29520cbb3a43
偉詮電Q3轉虧EPS -0.15元 探兩年半低點,"['偉詮電', 'PC', '快充', 'USB PD', '控制晶片', '類比', '台積電']","IC 設計業者偉詮電 (2436-TW) 今 (7) 日公布第三季財報，受客戶拉貨力道趨緩影響，營收規模縮減，加上成本提高及持續投入研發，本業小賺約百萬元，且受業外干擾，第三季營運轉虧，稅後虧損 0.26 億元，每股稅後虧損 0.15 元，探兩年半低點。


偉詮電第三季營收 6.06 億元，季減 8.74%，年減 37.8%，毛利率 27.02%，季減 4.84 個百分點，年減 4.3 個百分點，營益率 0.23%，季減 13.89 個百分點，年減 14.5 個百分點，稅後虧損 0.26 億元，較上季與去年同期轉虧，每股稅後虧損 0.15 元。


偉詮電前三季營收 22.17 億元，年減 15.73%，毛利率 31.68%，年增 2.8 個百分點，營益率 11.86%，年增 1.28 個百分點，稅後純益則受業外評價損失影響，僅 1.37 億元，年減 75.84%，每股稅後純益 0.78 元。


由於近期 PC 產業持續調節庫存，偉詮電業績也受影響，加上景氣低迷，客戶要求降價，使獲利遭到壓抑，不過，偉詮電看好，第四季隨著庫存持續去化，客戶拉貨力道可望略微回升。


偉詮電 10 月營收 2.27 億元，為近半年來新高，月增 2.97%，年減 30.28%，累計前 10 月營收 24.44 億元，年減 17.32%。",2022-11-07 20:00:03,1444,偉詮電 (2436-TW) 今 (7) 日公布第三季財報，受客戶拉貨力道趨緩影響，營收規模明顯縮減，加上成本提高及持續投入研發，本業僅小賺約百萬元，且在業外干擾下，第三季營運轉虧，稅後虧損 0.26 億元，每股稅後虧損 0.15 元，創,['偉詮電'],d92e89a8-76ff-47b0-be2d-7d494f95921b
南港輪胎衝刺代工合作 世界明珠總銷額已340億元,"['南港', '南港輪胎', '電動車', '汽車']","南港輪胎 (2101-TW) 今 (7) 日召開法說，南港表示，第二代電動車胎明年將上市，持續與全球一級大廠擴大代工合作，也有新代工案討論中，相關效益將從明年第二季起發酵；至於「世界明珠」開發案，目前銷售額達 340 億元，總銷金額估 800 億元，2024 年中起陸續交屋。


為因應美國雙反政策對營運的衝擊，南港近來逐步調整銷售市場，積極開發新市場與新車胎，包括研發電動車胎、沙漠車胎等。南港表示，已完成第二代高性能電動車胎開發，將於明年正式上市，目前已積極與客戶接洽進行後續規劃。


南港也持續深化全球品牌代工業務，南港指出，已與全球一級大廠擴大代工合作，雙方合作市場除北美外，也拓展至中東、非洲等，預計明年 4、5 月開始出貨，年銷售量將達 40-50 萬條，合作品項包括夏胎、雪胎 ，未來將更著重高附加價值的 UHP(高性能胎) 與 SUV 胎。


南港說，近期也有新的代工案在討論中，協助歐洲通路商進行自有品牌開發，目前進入產品設計的價格議定階段，今年底將正式啟動，預估明年第三季後，年需求量將達 20 萬條。


展望後市，南港指出，今年全球車市受俄烏戰爭與晶片短缺雙重影響，由預期的緩漲轉為回跌，明年經濟變數仍多，但在疫情與晶片短缺持續獲緩解，加上市場對汽車需求持穩，預期明年後車市將呈現穩定成長的長期趨勢。


至於世界明珠開發案，南港指出，目前全案工程進度超過 54%，銷售方面，住宅 B 至 F 棟 17 樓以下接近完銷，銷售率達 7 成，H 棟辦公大樓也近完銷，其中 H 棟辦公大樓將於 2024 年中開始交屋。",2022-11-07 20:10:04,1443,南港輪胎 (2101-TW) 今 (7) 日召開法說，南港表示，第二代電動車胎明年將上市，也持續與全球一級大廠擴大代工合作，也有新代工案討論中，將陸續從明年第二季起發酵；至於「世界明珠」開發案，目前銷售額達 340 億元，總銷金,['南港'],2a1fde25-1272-4891-9fd1-764d40bd0d44
信錦Q3 EPS1.31元寫七季新高 前三季賺贏去年整年,"['信錦', '軸承', '財報']","軸承廠信錦 (1582-TW) 今 (7) 日公告第三季財報，在匯兌利益挹注下，稅後純益 1.61 億元，季增 7%、年增 116%，每股純益 1.31 元，寫 7 季新高；累計前三季稅後純益 3.43 億元，年增 52%，每股純益 2.77 元，超越去年同期。


信錦第三季營收 24.57 億元，季減 12%、年減 6%；毛利率 16%，季減 2 個百分點、持平去年同期；營益率 2%、季減 3 個百分點、年減 2 個百分點。累計信錦前三季營收 80.26 億元，年增 8%；毛利率 16%，持平去年同期；營益率 3%，年減 1 個百分點。


信錦說明，受總體環境與產業庫存調整影響，第三季營收下滑，但業外部分受惠美元升值的匯兌利益貢獻，推升整體稅後純益成長。信錦第三季業外 1.86 億元，年增約 5 倍。


展望後續營運，信錦坦言，受到全球消費需求減緩之影響，產業正面臨庫存調整的極大挑戰，將加強成本控管，同時加速東南亞廠區的營運以分散生產據點，強化供應鏈的安全與韌性。",2022-11-07 20:20:02,1442,軸承廠信錦 (1582-TW) 今 (7) 日公告第三季財報，在匯兌利益挹注下，稅後純益 1.61 億元，季增 7%、年增 116%，每股純益 1.31 元，寫 7 季新高；累計前三季稅後純益 3.43 億元，年增 52%，每股純益 2.77 元。,['信錦'],df44d273-852c-412b-a49b-d65697a51d4a
公共建設前10月招商金額突破2500億元 高雄市穩坐招商王寶座,"['促參', '高雄市', '招商']","民間參與投資公共建設成績亮眼，根據財政部促參司統計，截至 10 月底已簽約 94 件、簽約金額 2536 億元也創新高，其中高雄市以簽約 644 億元穩居招商王寶座，如果加上還在議約中的案件，今年簽約金額可望上看 2800 億元。


根據促參司統計，近三年廣義民間促參金額 109 年前 10 月簽約金額 1224 億元，110 年前 10 月簽約金額降至 1069 億元，今年前 10 月簽約金額已增至 2536 億元，不僅年增幅達 1.37 倍，更一舉超越前兩年同期合計金額。


統計至今年前 10 月，根據促參法辦理簽約的共 60 件、簽約金額 458 億元，簽約件數與金額分別較去年同期增加 15.3%、1.42 倍。


比較中央政府、地方政府參與促參情況，中央政府今年前 10 月參與簽約前三大機關分別為：交通部 11 件、簽約金額 461 億元，經濟部 4 件、簽約金額 88 億元，教育部 3 件、簽約金額 51 億元。


地方政府中，高雄市簽約 5 件、簽約金額 644 億元，台北市簽約 15 件、簽約金額 546 億元，新北市簽約 10 件、簽約金額 261 億元。


促參司官員表示，目前還有 10 件民間參與公共建設的案子還在議約階段，估算這 10 件議約中的簽約金額約 300 億元，其中依促參法辦理簽約者約 200 億元。",2022-11-07 21:03:44,1441,民間參與投資公共建設成績亮眼，根據財政部促參司統計，截至 10 月底已簽約 94 件、簽約金額 2536 億元也創新高，其中高雄市以簽約 644 億元穩居招商王寶座，如果加上還在議約中的案件，今年簽約金額可望上看 2800 億元。,[],54e141cb-0bae-4703-af07-62ba9fdf6729
廷鑫涉內控疏失恐損股東權益 證交所開罰20萬元,"['內控', '廷鑫', '證交所', '股東權益']","廷鑫興業 (2358-TW) 因多項內控制度與執行經核有多項缺失，恐損及股東權益，遭證交所開罰 20 萬元。


證交所表示，廷鑫興業因銷貨、收款循環暨採購及付款循環的內控設計與執行經核有多項缺失，且有損及股東權益之虞，已違反證交所對上市公司內部控制制度查核作業程序第 9 條第 2 項規定，依規定處以違約金新台幣 20 萬元。


證交所表示，已函請廷鑫公司洽非簽證會計師進行內部控制制度專案審查，後續並將加強對廷鑫公司監理。",2022-11-07 21:04:06,1440,廷鑫興業 (2358-TW) 因多項內控制度與執行經核有多項缺失，恐損及股東權益，遭證交所開罰 20 萬元。,['廷鑫'],cacd736c-cec4-49e4-bbb5-b891aa98d539
精英Q3毛利率衝上12% 每股賺0.74元寫六年來單季新高,"['精英', '鍾依文', '大同', 'PC']","精英 (2331-TW) 今 (7) 日公布第三季財報，在轉型策略發酵下，單季毛利率重回 1 字頭，達 12.01%，為近九季高點，加上業外貢獻挹注下，單季純益達 4.09 億元，季增 19.24%、年增 396.54%，每股純益 0.74 元，創下六年來單季新高，累計前三季純益 9.29 億元、由去年虧轉盈，每股賺 1.67 元。


精英第三季營收達 75.54 億元，季減 29.93%、年減 10.03%，毛利率達 12.01%，季增 2.58 個百分點、年增 2.6 個百分點，營益率 0.54%，季減 1.76 個百分點、年減 0.22 個百分點，但在業外挹注貢獻下，稅後純益達 4.09 億元，季增 19.24%、年增 396.54%，每股純益 0.74 元，創下六年來單季新高。


累計精英今年前三季營收達 257.97 億元、年增 15.4%，毛利率 9.75%、年增 1.44 個百分點，營益率 1.11%、年增 0.92 個百分點，稅後純益 9.29 億元、由去年虧轉盈，每股純益 1.67 元，創下近 7 年同期新高。


精英表示，今年在相同的環境、條件下，運用合宜思維、適切作法，透過石頭擠出水策略創造效益，推升第三季毛利率提升至 12.01%，庫存週轉天數 45 天，也已回到疫情前水準，並優於同業。


展望未來，精英說，營運無法完全避開整體市場大環境惡化、客戶去化庫存影響，但內部將持續做好風險控管，以增加利潤為主軸，並運用生產力中心，優化各項流程及改善溝通工具的軟硬體設備，同時透過管理激勵，讓員工積極朝正向發展，帶動公司從「石頭擠出水」跨入「石頭變鑽石」的階段。


另一方面，精英今日董事會也通過新人事任命案，委任董事長鍾依文兼任執行長，以強化內部營運管理、提升公司競爭力，人事令即日起生效。",2022-11-07 21:05:30,1439,精英 (2331-TW) 今 (7) 日公布第三季財報，在公司轉型策略發酵下，單季毛利率重回 1 字頭，達 12.01%，為近九季高點，加上業外貢獻挹注，單季純益達 4.09 億元，季增 19.24%、年增 396.54%，每股純益 0.74 元,['精英'],0c0c0e1a-3e51-4d91-94ae-3f398509f9a7
國發基金對立陶宛首筆投資 將注資雷射公司Litilit 350萬歐元,"['國發會', '國發基金', '龔明鑫', '立陶宛']","國發會推動設立中東歐投資基金，今 (7) 日宣布完成首件對立陶宛的投資案，將由委託管理中東歐基金的台杉資本，對立陶宛創新雷射科技公司 Litilit 注資約 350 萬歐元，成為該公司策略投資夥伴，國發會主委龔明鑫預期，今年中東歐投資基金對立陶宛投資將超過 1000 萬歐元。


龔明鑫透露，除投資立陶宛先進雷射公司外，還有兩家公司正進入最終審核階段，若通過審核，初步預期今年我國將透過「中東歐投資基金」對立陶宛投資 1000 萬歐元，未來也將持續評估其他具潛力產業、拓展更多的合作機會。


至於中東歐融資基金部分，龔明鑫說，負責管理該基金運作的輸出入銀行正積極審核金額共計約 900 萬歐元的 2 件融資案，也可望在 1 個月內公布，此外，台灣也籌備逾 1000 萬歐元經費，將優先推動台灣與立陶宛在半導體、電動車產業合作上，依此推算台灣初步將對立陶宛進行的投資、融資與產業合作總金額總計約 3000 萬歐元。


經濟部政務次長陳正祺也表示，台灣與立陶宛的經濟規模均相對較小，但各自擁有在全球供應鏈中的關鍵產業，包括台灣的半導體、立陶宛的雷射產業，在半導體合作上，台灣將協助立陶宛培養人才，同時開啟雙方在雷射、生技等產業上，展開技術與供應鏈合作。


駐立陶宛台灣代表處 7 日舉辦酒會慶祝「中東歐投資基金」首件對立陶宛的投資案，並說明台立經貿與科技合作重要進展，駐處代表黃鈞耀表示，台灣已核准立陶宛的乳製品、水產品及不含鮮蛋與液態蛋的蛋製品進口許可，目前並積極推動立陶宛牛肉的進口許可審查。",2022-11-07 22:45:03,1438,國發會推動設立中東歐投資基金，今 (7) 日宣布完成首件對立陶宛的投資案，將由委託管理中東歐基金的台杉資本，對立陶宛創新雷射科技公司 Litilit 注資約 350 萬歐元，成為該公司策略投資夥伴。,[],8bfc4cde-79b0-4b11-960a-f910d3693526
